15.9.2014 52 370 1119 
24.6.1999 17 181 1874 
8.12.2018 12 462 1509 
27.5.2021 18 334 1341 
7.6.2009 16 156 1721 
15.4.2003 60 103 678 
7.5.2012 45 171 1036 
2.9.1991 84 493 1930 
5.8.2012 64 112 1291 
24.12.2002 15 234 1144 
21.11.2021 36 247 1579 
18.9.1994 84 139 627 
2.2.2004 3 297 1299 
10.3.2006 10 220 1398 
27.5.2001 74 282 1535 
23.10.2016 46 462 523 
9.5.2017 73 426 1770 
9.3.2018 68 226 1036 
6.5.1994 94 278 1006 
20.5.1999 32 452 1322 
13.7.2013 67 237 1241 
27.2.2021 49 227 1784 
29.12.2010 58 468 1470 
24.8.2009 86 415 655 
20.3.2003 54 383 1878 
22.4.2001 84 318 1042 
31.3.1993 18 297 1459 
4.6.1991 18 380 1554 
3.9.2013 79 163 1929 
23.12.2014 96 463 1875 
10.9.2021 1 483 1947 
10.10.1992 93 114 1169 
13.1.1993 2 305 1398 
29.2.2005 23 223 905 
1.11.2000 58 200 688 
23.10.2002 51 340 1451 
23.9.2014 69 241 1599 
30.5.2007 56 246 1124 
31.5.2008 3 474 1431 
14.11.2008 19 124 794 
22.11.2009 42 205 1651 
1.8.2000 98 429 1195 
6.5.1993 9 101 1465 
14.7.2002 77 279 1740 
30.5.2002 25 118 593 
30.6.1990 61 132 655 
19.12.2017 91 149 800 
8.9.2019 58 478 1241 
21.2.1996 33 102 1897 
14.5.1991 47 191 1415 
20.6.2020 21 284 730 
31.5.2012 31 486 801 
17.1.1996 9 388 1466 
6.8.2003 27 315 1261 
6.8.1998 76 298 1699 
17.7.1997 28 157 602 
10.9.1996 74 447 566 
15.12.1990 62 410 520 
13.4.2010 32 394 1716 
24.5.2012 69 274 1391 
22.11.2002 48 402 1168 
22.10.1996 18 398 1317 
8.2.2002 70 489 1805 
10.3.1992 15 269 1305 
15.5.1996 62 185 1058 
11.6.2000 62 464 1941 
30.8.2019 73 336 777 
25.1.2004 93 429 1395 
2.6.2011 92 452 711 
20.11.2012 55 432 1139 
14.10.1998 14 107 954 
18.1.2017 33 336 1518 
10.12.2013 56 182 1221 
28.9.2019 6 457 1845 
7.9.1990 59 283 1866 
5.9.2014 93 496 679 
21.6.2008 75 350 668 
15.10.1996 27 495 1818 
12.12.2004 99 195 1995 
7.3.1992 32 233 522 
10.6.1991 81 367 647 
31.5.2010 4 382 767 
24.5.2011 50 114 702 
9.11.1997 99 375 1276 
23.1.2021 79 352 733 
31.10.2018 71 160 1137 
1.2.2014 17 405 1453 
24.5.2005 93 287 1355 
29.8.2016 59 348 681 
5.1.1994 13 293 1480 
8.3.2010 78 489 563 
2.8.2007 65 138 1022 
13.1.2005 51 253 1629 
28.4.1997 52 410 1968 
20.1.2002 2 409 1981 
8.4.2001 5 189 510 
3.5.2003 28 347 1108 
13.10.2016 64 162 1011 
21.8.2014 51 159 1572 
30.6.2000 74 289 851 
13.4.2003 42 438 902 
10.2.2012 66 322 506 
29.3.2015 16 304 733 
2.12.1997 53 107 640 
10.9.2018 87 313 1611 
3.9.2013 88 206 1508 
19.11.1992 29 324 1098 
2.5.2018 88 494 846 
23.2.1998 49 392 1853 
12.11.1992 43 429 1596 
28.3.2014 38 187 1104 
8.6.2016 32 183 1202 
2.5.2001 9 407 1910 
16.6.2015 62 209 609 
19.4.1996 32 458 1153 
15.1.1997 18 266 1197 
4.6.2011 73 226 1729 
4.6.2001 72 385 1629 
29.5.2016 12 122 1832 
4.3.1998 7 482 1044 
30.3.2009 64 162 688 
5.8.2013 58 366 1342 
5.6.2004 88 320 1305 
21.1.2019 92 440 962 
29.6.2010 5 470 1750 
16.3.2002 46 262 906 
23.10.2014 62 371 1151 
30.2.1997 73 241 1399 
12.9.2007 21 473 1501 
14.11.2011 54 446 1964 
27.11.1994 26 181 1431 
3.7.2019 23 390 787 
22.7.1998 87 291 1300 
16.12.2012 61 259 993 
24.2.2011 86 290 1144 
4.7.2017 20 451 1613 
7.1.2004 39 397 1063 
30.9.2013 47 342 1717 
25.3.2017 82 114 1664 
28.12.2013 18 348 1762 
21.4.2001 96 497 1805 
26.9.2011 98 415 1584 
18.11.1994 7 248 1460 
31.9.2018 72 439 720 
8.4.1997 24 350 1556 
28.12.2008 56 351 1557 
3.8.2001 43 325 1519 
7.3.1990 77 405 1067 
27.1.1991 60 482 886 
2.7.2003 64 433 1990 
22.8.1998 57 284 1929 
21.8.2018 92 167 1124 
1.3.1993 23 174 1537 
29.6.1996 5 357 756 
30.5.2005 46 208 1935 
18.1.1995 14 463 1103 
23.11.1994 4 139 1777 
21.2.2001 54 458 1694 
31.5.2007 98 196 1806 
5.6.1997 16 470 1086 
12.12.2001 87 460 925 
18.9.2013 81 310 972 
31.10.2012 6 327 1158 
21.10.2007 24 434 1980 
26.3.2000 77 117 1098 
13.1.1992 41 251 1534 
29.9.2005 73 437 908 
16.10.1997 77 221 1454 
22.10.2003 43 103 1979 
20.6.2001 82 249 1440 
12.11.2007 69 112 1441 
9.5.1998 20 170 1225 
21.5.2017 54 288 1339 
19.10.2000 24 172 1862 
22.2.2005 82 469 1632 
13.8.2010 74 473 985 
11.12.1998 66 185 1117 
21.2.2021 19 126 1356 
5.11.2001 18 234 1667 
27.2.1997 82 104 820 
26.8.2007 16 109 1737 
31.6.2009 45 152 1078 
4.2.2015 25 263 1141 
9.9.2010 88 464 1589 
9.6.2017 5 293 1450 
13.12.2014 66 157 1363 
4.10.2004 70 483 1673 
24.9.2017 64 329 1020 
20.4.1998 48 120 1742 
11.11.2020 69 416 1503 
14.2.2003 12 232 642 
30.2.2020 71 311 1048 
4.5.2000 14 145 580 
28.11.1993 24 347 1158 
25.11.2016 32 137 730 
15.3.2018 72 496 1888 
21.1.2014 52 354 715 
28.10.2002 71 480 540 
30.3.2007 97 377 1966 
17.5.1998 13 425 930 
28.8.2001 46 484 1086 
25.8.2008 21 292 1614 
24.9.2009 29 342 1620 
24.1.1991 28 366 679 
12.9.2017 98 100 753 
5.5.1993 66 194 601 
21.3.2003 80 363 1442 
14.7.2005 90 175 1886 
25.12.1996 35 247 1764 
6.12.1991 24 403 1968 
21.10.2011 83 203 1402 
11.7.2016 77 143 724 
18.5.2004 33 202 1466 
26.6.2001 96 446 583 
30.11.2005 54 474 1378 
25.7.2007 53 185 1980 
23.10.2014 44 380 1899 
29.1.2016 59 170 957 
9.2.1995 66 352 1072 
15.1.2002 13 349 1559 
28.1.2005 87 465 570 
29.4.2019 92 185 1828 
5.3.2000 50 306 1381 
2.11.2011 51 379 589 
31.10.2018 45 281 509 
30.1.2012 70 161 628 
21.6.2021 61 398 1479 
27.10.2011 54 481 1343 
16.8.2018 17 331 1254 
29.12.2019 49 405 1726 
3.9.2011 52 265 1808 
3.7.1993 3 477 1779 
4.8.1990 46 113 1073 
17.9.1993 66 334 1700 
22.3.2007 23 423 1783 
15.7.2002 31 174 823 
19.12.2002 25 464 1783 
4.1.2001 80 279 1529 
13.7.2015 62 178 1928 
10.7.2000 43 337 1326 
24.10.2014 7 361 780 
25.3.1998 95 323 568 
8.8.2008 69 472 692 
29.3.1990 30 214 1874 
21.12.2011 45 409 1907 
15.7.2008 94 417 1920 
2.2.2016 43 363 1086 
28.11.2008 91 299 1602 
30.5.1999 83 263 582 
22.4.2012 58 412 848 
28.7.2005 71 233 1087 
25.4.2003 89 106 796 
21.1.2017 62 238 1476 
13.9.2018 84 402 1225 
17.4.2021 81 461 1903 
4.4.2008 51 418 1793 
29.1.2008 52 164 1999 
14.12.1994 37 438 1459 
11.5.2012 19 413 886 
10.12.2008 5 483 1234 
8.4.2003 11 278 714 
3.3.2012 81 413 1692 
21.1.2020 51 245 509 
23.3.2019 95 348 758 
24.11.2002 87 399 894 
22.5.2013 4 438 1253 
6.4.2012 50 462 1791 
1.7.2004 84 359 1530 
22.9.1992 21 243 765 
4.2.2007 47 406 1504 
17.1.1999 81 215 1710 
13.7.2007 6 491 1331 
12.5.2018 54 211 1882 
22.6.1992 91 233 1265 
20.5.2011 96 149 1893 
7.2.2009 27 338 669 
18.12.2013 100 277 1449 
2.9.2005 63 449 1616 
13.1.2018 11 207 886 
2.7.2002 7 125 814 
29.12.1998 86 354 1451 
25.11.2014 44 268 566 
27.6.1990 38 291 730 
25.5.2011 19 381 648 
25.5.2021 27 127 1445 
5.8.2004 6 435 1915 
31.8.1991 36 307 1492 
10.5.1996 61 484 613 
31.10.2007 49 161 866 
13.11.2008 68 332 631 
4.9.2001 30 115 792 
27.4.2005 87 479 548 
12.8.2001 56 296 1271 
26.11.2004 72 135 1804 
16.9.2005 71 270 1248 
31.2.1999 6 392 851 
21.3.2009 28 427 707 
6.11.1990 58 353 1692 
23.5.2003 37 216 1132 
24.4.2004 88 434 1734 
14.8.2006 59 348 1453 
26.6.1998 80 134 776 
23.1.2014 19 118 1395 
2.3.1994 49 111 1379 
2.6.1996 66 420 714 
6.1.2014 57 323 1470 
31.2.1991 76 229 1515 
17.6.2003 27 136 1058 
16.11.2000 38 106 726 
15.3.2000 15 466 801 
7.11.2003 6 296 1949 
24.8.2016 41 320 1346 
19.9.2007 36 485 1812 
14.10.2000 22 137 1584 
12.5.2014 44 161 1261 
24.7.1993 99 288 1736 
9.3.2013 55 109 847 
30.8.1994 30 104 1493 
26.6.2011 16 137 1470 
29.3.1992 7 176 1706 
28.9.2000 15 459 1604 
22.9.2019 25 456 954 
8.7.2007 31 429 738 
28.2.1992 21 234 1285 
24.3.2006 88 456 1552 
3.12.2013 69 362 1169 
18.2.2010 76 438 547 
6.11.2002 88 110 1391 
2.1.2003 74 340 1187 
22.11.2017 42 312 1584 
2.6.1997 88 385 872 
8.7.2013 86 154 875 
19.10.1991 46 423 971 
23.2.1993 5 354 717 
21.11.2017 99 329 1098 
15.8.2017 6 399 662 
18.11.1991 16 329 1777 
26.8.2001 14 305 1391 
28.9.1999 57 474 1201 
13.11.1999 48 375 1997 
16.3.2008 44 207 1848 
17.5.1997 34 427 1133 
5.9.2000 100 394 1329 
10.2.2007 31 282 1173 
13.4.1997 50 147 1795 
9.1.2010 60 498 1360 
6.10.1997 45 402 867 
18.1.2006 100 295 622 
22.2.1994 81 149 1298 
17.7.1998 51 154 862 
11.7.1993 83 290 1647 
8.6.1998 39 115 1177 
20.6.2003 59 349 1462 
27.9.2021 14 138 773 
1.11.2000 27 452 1642 
29.6.2017 24 107 565 
14.3.2021 13 451 1045 
1.10.1995 89 137 798 
19.6.1991 25 356 647 
18.1.2001 54 318 1943 
5.11.2003 33 275 1691 
5.1.1996 28 323 666 
10.3.1999 58 461 1427 
31.9.2011 28 369 1726 
22.9.2004 11 432 1961 
5.12.1990 7 245 693 
31.3.1991 55 423 1058 
6.12.2018 17 363 1851 
24.9.2021 84 169 702 
11.8.2019 13 391 1821 
16.5.1999 3 187 1349 
23.12.1998 45 174 507 
13.6.1996 17 212 1792 
8.10.2018 14 144 1001 
22.9.1993 64 324 1094 
22.8.2013 100 485 1749 
23.8.2012 37 445 1410 
4.9.1993 83 260 1076 
6.10.2017 22 196 1294 
30.12.2017 65 427 876 
29.11.1998 52 191 1991 
22.12.2017 77 184 1608 
10.9.2007 15 451 1735 
9.6.2019 81 248 1461 
19.11.2004 96 370 579 
12.8.2011 52 127 765 
3.11.1993 77 385 1516 
10.6.2002 27 197 1421 
10.12.2009 40 494 1466 
3.6.2008 10 219 1851 
7.10.1994 23 493 967 
26.7.2014 27 239 1583 
17.8.1993 14 201 1235 
19.5.1994 17 361 1571 
20.9.1996 77 500 756 
8.6.2013 90 229 1552 
13.1.1991 11 386 1344 
30.5.2017 69 484 1969 
8.9.2013 8 418 1626 
28.1.2021 65 161 1729 
2.2.2013 19 311 626 
26.1.1995 53 436 996 
2.1.2016 46 441 610 
21.10.2013 20 194 1167 
31.12.2016 25 139 630 
20.2.2005 43 485 1645 
30.8.2020 19 445 1706 
10.9.2002 84 431 1003 
23.4.1998 43 259 1593 
21.8.2014 67 388 860 
27.1.2008 40 354 1962 
22.6.2016 1 430 1504 
15.6.2018 17 137 723 
3.1.2013 63 356 1163 
20.10.2001 66 460 1309 
20.10.2014 44 455 638 
20.7.1992 82 210 1015 
26.9.2018 2 332 1064 
18.5.1990 74 276 1163 
18.6.1993 49 188 1465 
11.2.1992 87 147 1455 
30.3.2003 78 318 1790 
16.2.2017 43 204 747 
11.9.2008 17 478 844 
29.6.2009 98 101 1467 
22.12.1999 77 311 1882 
26.6.1995 64 285 1816 
11.8.2003 9 217 982 
27.11.2019 12 438 679 
10.11.2004 63 401 1062 
21.8.2006 22 308 1571 
5.8.1994 25 487 627 
25.8.1999 8 354 530 
5.12.2015 60 165 1212 
2.6.2011 20 468 1275 
2.3.2019 34 432 1866 
7.9.2003 69 106 1341 
17.10.1992 43 161 823 
11.12.2016 63 187 1106 
15.3.2002 84 102 849 
27.3.2000 8 265 1443 
6.2.2002 13 475 710 
23.12.1992 89 168 885 
21.2.2009 11 159 937 
16.11.2013 40 357 1707 
6.5.1991 36 199 623 
24.1.1997 49 188 1349 
16.12.1997 45 196 1311 
10.2.1993 75 264 864 
23.9.2012 88 105 1374 
4.6.2015 82 275 1633 
20.9.2020 46 138 515 
31.6.1998 78 318 1466 
23.8.2017 93 471 596 
2.9.2005 43 194 1750 
28.3.2014 99 267 902 
21.11.2019 86 459 1837 
24.11.2015 74 353 633 
21.9.2017 72 473 1702 
12.4.1990 85 181 1276 
10.10.1992 29 133 564 
8.9.1995 11 258 766 
9.11.2002 51 443 1229 
4.10.1999 80 466 814 
17.7.2007 82 391 875 
28.10.2008 53 161 1441 
25.8.2003 58 149 1348 
26.4.1998 82 442 1961 
11.8.2004 79 329 1236 
3.12.2001 51 415 839 
22.9.1996 69 277 1032 
7.3.2018 62 200 1671 
30.7.1991 82 154 1890 
20.1.1994 3 280 1617 
7.1.1994 69 315 1093 
14.6.2016 100 147 733 
4.8.1993 2 314 1485 
4.3.1991 20 373 897 
2.6.2014 95 255 728 
8.9.1993 78 452 1308 
30.2.1994 6 208 872 
15.4.2013 69 123 594 
21.8.2021 29 426 979 
6.10.1993 84 348 1195 
6.7.2002 67 113 1143 
19.3.2018 51 240 1160 
2.7.2013 60 245 725 
6.8.2009 92 166 1429 
12.6.2016 20 395 872 
22.3.1990 62 310 789 
26.4.2005 74 445 1864 
12.1.2011 77 404 511 
11.5.1997 72 429 1055 
2.9.2011 86 374 1492 
30.4.1997 30 190 1893 
1.10.1994 42 121 543 
15.3.2020 63 322 1570 
20.11.2012 64 219 1975 
31.11.2012 35 155 600 
25.8.2014 68 499 751 
30.2.2008 46 137 1142 
1.8.2005 76 339 1100 
20.6.1996 22 220 1011 
29.11.1996 77 496 790 
14.4.1992 19 138 532 
2.1.1999 5 265 1111 
14.7.2008 80 136 902 
22.11.1990 46 482 1911 
14.2.2001 52 125 1138 
10.3.2012 31 354 1912 
14.12.2016 62 307 718 
19.5.2011 90 179 685 
9.12.2010 47 477 1113 
8.9.1998 100 462 1386 
3.7.2003 53 250 952 
18.1.2000 1 173 1637 
22.8.1993 73 232 676 
14.10.1991 59 415 1970 
4.12.2010 77 314 718 
1.9.1997 91 270 1143 
12.11.1992 10 105 611 
18.10.1997 83 403 1641 
31.5.1995 33 228 1648 
15.9.2021 76 465 746 
29.7.2020 87 240 918 
6.12.1995 10 449 1409 
9.2.2017 87 296 1121 
5.7.2016 89 251 1494 
19.10.1992 62 259 1218 
14.2.2008 74 409 1176 
19.11.1997 70 171 1138 
9.12.2008 63 385 1877 
7.8.2015 26 447 1784 
6.4.2020 28 403 1249 
18.7.1993 89 278 681 
4.9.2001 83 122 1794 
12.6.2005 54 275 1571 
23.1.2006 26 408 1858 
21.4.2005 65 494 1028 
13.9.2005 15 240 1973 
28.11.2016 81 302 802 
5.10.1991 61 285 1541 
1.9.2001 73 374 1703 
1.8.2021 72 249 1753 
25.11.2014 8 382 1798 
21.10.1992 29 224 898 
20.9.2010 94 325 857 
22.8.1994 81 500 975 
4.6.1996 50 369 580 
26.8.2004 88 455 1461 
8.3.2018 31 392 1542 
18.9.2013 78 395 1357 
18.6.1991 21 231 1484 
18.7.2001 21 292 943 
7.3.1993 80 441 1779 
26.7.2002 93 394 1826 
22.8.2018 62 257 1253 
3.12.1997 38 419 955 
17.1.2016 16 448 1831 
6.2.1990 4 352 1159 
14.10.2002 78 197 1725 
13.10.1998 11 147 1341 
6.10.1997 25 319 773 
17.8.1996 14 476 1234 
12.8.2011 12 421 1381 
17.2.2018 80 233 1278 
14.1.1990 98 358 793 
12.11.2013 37 110 1980 
5.6.2016 93 204 1711 
7.12.2016 35 322 819 
25.6.1994 94 256 844 
15.11.2014 72 372 1102 
21.12.2020 42 156 1514 
1.6.2008 80 126 1639 
23.3.2012 65 193 1084 
11.8.1995 49 444 978 
28.8.1991 59 455 1113 
21.10.1993 97 128 1897 
16.6.2001 28 421 1833 
2.9.2003 53 355 1479 
17.10.2021 36 378 689 
31.7.2001 26 120 1631 
3.5.2020 19 405 1238 
15.10.2006 20 391 683 
9.9.2021 11 286 1781 
27.9.1994 30 358 546 
27.5.2008 46 298 674 
14.3.2016 64 443 602 
31.2.1992 25 198 1327 
25.4.2005 5 298 800 
22.11.2016 14 425 534 
23.5.1994 91 170 810 
3.5.1990 79 212 641 
4.10.1990 52 360 701 
12.2.2017 10 373 1604 
29.8.2009 38 491 543 
30.2.1994 92 478 594 
17.10.1997 75 354 1641 
26.8.2012 72 182 880 
3.2.2009 31 129 1166 
25.10.2021 82 413 782 
10.12.1993 92 444 1393 
29.7.2002 77 203 1525 
28.3.2015 63 341 965 
13.11.2011 7 223 1808 
23.1.2001 69 110 1369 
21.7.2002 74 290 1769 
26.11.1991 40 233 1795 
22.1.2019 55 466 857 
13.2.1991 39 434 890 
1.1.2005 44 228 1937 
7.8.2007 64 361 1155 
12.8.1997 70 104 551 
15.10.2011 77 273 1584 
28.1.2015 78 239 1767 
14.12.1998 56 442 1995 
26.9.2003 19 101 1412 
14.11.2013 39 433 697 
6.7.2018 11 183 636 
2.9.2009 73 496 1497 
6.9.1990 42 310 524 
14.5.2007 65 149 1928 
2.11.2013 5 336 858 
26.11.2019 93 221 757 
6.11.2011 84 205 1770 
28.6.2000 36 496 1388 
30.3.1992 13 260 1827 
18.2.1993 61 387 1597 
13.2.2001 32 316 599 
13.2.2006 89 166 1093 
4.2.1999 86 417 1265 
17.8.1999 67 447 723 
10.7.2020 95 303 1100 
8.1.1993 80 202 1166 
4.2.2015 59 194 1780 
31.7.1990 36 184 1770 
11.5.2001 100 177 1961 
31.9.1990 35 166 1260 
11.3.1999 97 388 1036 
28.3.1997 38 426 1397 
10.9.2003 85 304 579 
31.4.1997 32 192 1603 
26.2.2002 98 146 1036 
20.1.1999 85 427 788 
6.10.1997 53 267 890 
18.3.2021 10 252 1022 
6.9.1992 60 360 1978 
20.1.2020 51 145 1326 
31.12.2006 94 218 577 
14.3.1992 9 112 1216 
8.10.2006 71 125 1360 
24.2.1994 1 135 724 
6.6.2009 67 328 1885 
28.8.2001 77 394 1426 
19.9.2009 74 216 1927 
13.7.2013 45 271 785 
3.12.1992 8 235 595 
6.1.2000 71 267 1177 
26.2.2001 68 488 546 
28.6.2000 24 198 1947 
9.6.2016 98 387 1619 
23.4.2003 23 431 1651 
22.5.1992 59 252 1068 
6.7.1992 95 359 734 
27.9.2017 65 463 1745 
1.9.1997 54 351 1701 
9.11.1992 94 299 742 
26.2.2007 6 375 1031 
10.6.1990 11 415 1323 
21.7.1999 67 443 1396 
9.7.1998 19 374 1161 
5.12.1991 55 347 1301 
3.5.2004 59 218 1388 
9.12.2015 40 388 1002 
31.1.2006 47 310 1501 
28.10.1997 6 393 1373 
17.5.1992 1 248 683 
4.3.2004 28 386 935 
13.5.2004 40 242 1282 
19.10.1998 47 280 1831 
29.7.2013 35 342 621 
16.8.2019 49 386 1968 
17.11.2010 41 487 933 
11.5.2016 55 351 1098 
4.12.2001 54 386 1831 
26.9.2021 4 396 1431 
27.12.2008 45 335 976 
23.10.2011 72 360 1227 
25.8.2015 86 379 1768 
31.2.2007 98 448 1852 
4.11.2016 24 177 1560 
21.3.1990 51 252 1157 
30.10.2000 93 448 726 
14.9.2002 26 380 1691 
11.4.2008 29 306 1592 
24.4.2004 40 100 1174 
17.12.2016 14 467 1774 
14.4.2012 26 474 1606 
5.10.1992 17 497 863 
10.10.1991 5 181 1031 
28.2.2019 49 319 782 
19.8.2011 82 312 799 
17.7.1990 60 257 625 
3.3.1993 81 350 1997 
27.6.2005 60 347 1904 
10.2.2015 24 121 556 
19.6.2018 62 458 915 
7.4.1995 38 459 544 
7.1.1998 24 237 1394 
7.7.2015 27 281 1163 
13.2.1997 80 356 596 
26.2.1994 74 433 1810 
15.7.2010 22 379 672 
31.7.2015 41 100 1761 
29.4.2001 71 123 1504 
13.2.2019 61 490 1655 
11.3.1997 69 477 892 
5.3.1990 18 201 1735 
20.1.1993 56 239 590 
10.5.2005 76 477 1467 
24.11.1996 16 241 1882 
1.7.1993 42 468 933 
13.9.1995 32 268 819 
10.4.2021 42 375 639 
17.8.2003 54 381 1665 
8.11.2018 15 392 841 
8.10.1993 15 290 883 
29.7.1994 48 206 1047 
18.9.2002 82 206 1073 
31.5.2010 35 293 1345 
4.9.1999 38 432 1005 
29.2.1994 71 214 957 
28.1.2002 52 473 1500 
13.8.1995 24 328 1553 
17.12.1995 86 232 1021 
9.3.2019 4 429 1296 
22.5.2018 82 499 1381 
28.3.2014 82 310 1729 
11.5.2015 16 384 1725 
18.7.1990 71 314 1827 
17.8.2010 16 269 1770 
19.4.2019 19 337 933 
8.3.2012 71 240 777 
27.2.1998 2 144 1634 
10.3.1994 42 155 986 
25.2.2012 36 202 1997 
24.2.1996 15 243 1813 
29.11.1996 90 131 528 
5.10.2000 34 124 1921 
30.3.2013 23 313 542 
31.10.2006 13 406 1666 
14.10.1999 59 456 1774 
12.4.1993 60 107 1510 
12.11.2000 16 222 1362 
8.4.1990 53 400 518 
13.8.2001 85 449 1995 
26.5.2008 32 183 1014 
22.12.1999 12 327 1326 
13.8.2015 46 438 739 
26.2.2000 9 138 1843 
5.2.1993 72 430 566 
19.10.2016 54 417 1808 
8.12.1996 46 277 992 
11.11.1999 45 381 1713 
16.9.2013 36 454 559 
2.9.2017 75 473 661 
22.10.1996 96 435 958 
27.9.1994 4 362 951 
11.8.2003 56 422 702 
12.6.2016 69 446 1713 
31.2.2004 70 132 594 
16.4.2020 48 135 1025 
30.7.2014 39 144 1024 
18.5.2006 47 169 1340 
17.4.2013 24 287 1929 
5.11.2016 14 356 1249 
20.5.2016 22 459 775 
22.9.2006 22 117 1668 
15.4.1994 81 306 546 
16.9.2015 95 371 923 
27.11.1995 85 451 1717 
13.3.2007 93 376 769 
4.10.2003 50 454 1075 
19.1.2021 22 317 1810 
20.10.1992 56 439 1425 
23.8.2020 14 192 1680 
14.6.2013 51 449 1606 
15.10.2008 38 402 1659 
24.9.2001 7 468 969 
12.2.1993 13 326 1096 
7.6.2016 2 205 1600 
4.6.2005 53 462 1851 
21.1.1994 87 237 920 
21.12.1994 49 314 973 
1.3.2004 9 207 574 
5.12.2013 38 460 939 
2.8.2002 32 354 1290 
28.12.2010 2 349 1107 
3.12.2007 73 266 1008 
16.2.2019 96 300 504 
21.12.2021 38 377 1212 
10.3.2014 65 300 1957 
25.5.2014 26 311 1990 
12.5.1993 8 494 1745 
24.1.2014 15 441 1069 
30.9.2017 48 451 1742 
9.2.2007 52 389 568 
3.1.2008 73 479 842 
7.12.1991 13 411 1902 
20.3.2010 74 412 1819 
19.5.2002 38 206 1629 
3.6.2014 97 186 1626 
19.1.2016 80 137 859 
4.10.2004 20 385 501 
31.10.1998 27 257 1165 
21.1.2004 59 302 868 
8.6.2010 26 421 520 
22.12.2004 92 230 1779 
9.6.1998 83 470 1446 
12.10.2011 59 207 1977 
12.4.2013 78 197 1388 
4.11.1995 78 243 1776 
18.3.2019 74 422 1864 
24.8.1990 84 365 1821 
6.8.2012 78 157 1906 
6.7.1992 42 476 1207 
3.7.2017 80 405 1563 
21.11.1992 53 125 1019 
26.6.1991 1 134 1487 
26.12.2013 51 450 1082 
23.7.1993 74 117 1444 
30.1.2000 85 133 1578 
27.11.2008 23 374 1208 
30.9.2019 56 193 669 
26.3.2014 8 475 1687 
14.4.2005 27 345 551 
24.6.2012 4 211 1317 
4.10.2011 98 140 1004 
12.10.1992 25 279 1960 
23.2.2019 29 297 1947 
1.2.1994 76 473 1788 
19.6.2001 54 242 833 
17.5.2009 31 393 873 
3.10.2017 40 201 1711 
24.3.2003 51 408 1663 
11.9.2020 84 384 1581 
23.7.2001 76 483 650 
23.4.2007 57 337 1312 
9.3.2003 2 202 719 
26.1.2001 59 203 1045 
31.8.1995 70 102 685 
16.5.2018 27 483 923 
23.4.1995 7 227 932 
25.9.1995 78 181 1374 
19.11.2002 28 470 1434 
13.1.1997 38 129 1728 
17.10.1992 22 187 1792 
9.6.2013 1 250 1326 
1.4.2017 37 256 1139 
5.11.2013 75 377 1553 
2.7.2019 10 189 1854 
31.3.1999 62 254 653 
5.10.2008 55 281 1791 
15.3.1994 46 431 1219 
1.10.2018 94 232 820 
18.10.2000 31 116 1721 
26.12.2016 34 303 1451 
29.11.1994 13 284 1753 
27.8.2005 27 305 708 
27.10.2015 87 455 1888 
26.12.2011 19 376 944 
8.2.2000 15 482 1056 
10.6.2020 60 277 945 
27.12.2002 92 380 1938 
5.10.1990 53 102 841 
11.12.1993 98 225 983 
9.10.2013 55 456 969 
24.2.1993 91 327 1563 
11.3.2004 89 475 1239 
11.12.2014 50 297 1474 
6.12.1997 36 358 915 
1.10.1999 73 467 1267 
17.3.1996 9 114 782 
30.10.2001 62 343 1642 
10.8.2004 94 353 1750 
3.3.2001 75 451 1131 
16.1.2021 1 358 636 
31.11.1997 90 364 1904 
27.12.1990 58 420 501 
16.5.2016 52 256 1119 
28.2.2004 80 347 1921 
26.1.2013 74 162 1884 
5.11.2002 94 494 1826 
22.12.2010 21 168 601 
13.9.2014 28 172 1389 
22.1.2005 43 224 1623 
15.5.2000 19 301 566 
3.8.1995 62 256 1621 
7.10.1999 97 174 1524 
13.7.1990 16 446 1744 
25.1.2016 24 117 1398 
11.7.2009 43 130 990 
12.1.2002 78 439 1000 
4.9.2001 39 388 744 
7.7.2005 89 363 1467 
12.12.2018 82 251 1411 
14.5.2021 55 172 1781 
15.10.2011 49 478 514 
23.10.2008 55 425 1343 
11.11.2009 38 297 1998 
2.2.2021 62 374 1721 
12.1.2003 61 383 1870 
24.11.2008 86 452 1964 
20.5.2000 56 233 1594 
25.8.1998 14 164 1936 
7.5.1994 74 193 1776 
31.6.2011 90 159 1341 
14.12.1995 4 177 873 
12.2.2018 25 223 1292 
21.1.2012 74 446 1597 
29.3.2000 90 219 1851 
19.10.1994 28 297 1666 
23.6.2001 76 191 1859 
12.10.2014 27 272 853 
5.3.2001 80 443 893 
5.12.2011 79 347 1908 
9.11.2015 63 420 1793 
27.9.1997 60 217 1626 
9.9.2021 84 295 761 
13.6.2000 96 360 1411 
9.1.2014 91 357 1229 
7.11.1997 19 194 1394 
11.12.1995 76 470 1482 
19.8.1993 28 477 1825 
20.3.1993 61 192 946 
22.12.2020 2 192 1538 
21.10.2016 49 125 1113 
31.8.2002 56 159 1120 
30.4.2021 38 442 1583 
20.6.2012 15 102 1459 
22.8.2004 42 326 1912 
5.6.2008 59 266 681 
31.2.2010 93 219 1407 
16.5.2004 35 286 1374 
16.2.2018 73 465 1253 
15.8.2021 8 474 599 
31.9.2009 79 247 1819 
20.5.1990 62 252 524 
25.9.2011 72 267 1225 
31.2.2005 54 195 534 
14.1.2012 42 296 939 
4.9.2021 32 110 506 
21.10.1995 89 310 770 
12.8.2001 24 129 1555 
13.6.1995 89 333 1978 
9.6.2008 95 215 562 
1.8.2002 11 295 639 
28.5.1996 26 260 781 
17.5.2009 42 399 1798 
11.8.1994 24 124 1598 
4.1.2008 58 157 1596 
17.12.2006 13 136 1520 
18.12.1997 47 496 1062 
27.6.2018 29 405 1463 
24.3.2016 10 292 858 
3.3.2012 58 118 911 
10.5.1991 57 162 1218 
27.10.2015 11 384 788 
23.1.2011 16 169 665 
2.7.2013 80 267 1327 
14.6.2006 59 234 1967 
26.7.2000 24 224 1121 
17.7.1998 62 358 654 
30.5.2012 5 460 1186 
3.4.2003 97 148 1266 
29.9.2003 52 347 523 
24.10.1992 73 499 651 
4.11.1997 5 209 1043 
25.4.2008 35 405 1602 
12.11.2010 56 461 502 
27.8.2006 17 436 1563 
9.1.1992 61 270 899 
7.9.1995 9 363 1875 
3.3.2017 38 214 1137 
9.8.2010 31 366 1224 
22.4.2005 20 197 1385 
16.9.2011 96 139 1735 
13.4.1998 30 383 1484 
17.1.2000 19 161 844 
3.9.2021 72 446 1472 
31.6.2007 59 323 1167 
11.9.2016 76 334 1575 
24.11.2008 52 189 1659 
25.2.2013 27 349 538 
10.12.2014 44 246 1926 
14.10.1991 84 131 1298 
30.8.2001 24 354 872 
21.11.2000 8 453 655 
29.11.2015 37 318 984 
28.4.2001 15 224 1402 
23.6.1999 63 163 647 
8.7.2005 40 107 964 
26.1.2018 54 477 1376 
22.9.1995 55 389 1881 
11.5.2019 71 345 1090 
1.10.2018 100 139 635 
13.5.1991 45 321 579 
4.9.2015 87 179 1032 
14.11.1992 92 194 1624 
13.7.1990 19 416 1533 
13.6.2009 100 283 1552 
2.1.2006 62 452 1953 
13.7.1996 86 496 525 
15.11.2018 6 491 1192 
26.12.1996 34 441 1759 
8.2.2014 1 123 1835 
19.7.1992 8 227 1203 
21.7.1991 7 453 1441 
21.3.2011 66 313 1567 
19.4.1994 17 139 1791 
30.7.1998 70 222 1835 
21.8.2009 71 385 1407 
27.10.1992 2 403 1125 
29.5.2021 33 459 680 
29.1.2009 5 483 1419 
17.4.1996 76 263 1308 
1.8.2014 65 379 938 
21.9.2019 92 500 1933 
19.7.1993 98 483 915 
27.5.2008 77 261 1762 
23.11.1991 89 179 745 
5.7.2016 54 336 1240 
13.7.1993 19 481 779 
20.4.2003 48 313 1816 
11.3.2013 12 461 1629 
29.9.1994 25 425 1417 
5.9.2011 88 215 778 
11.12.1999 63 429 880 
8.4.2003 12 357 669 
10.2.2011 33 183 1874 
15.12.1999 33 149 1697 
17.2.2014 29 112 1423 
31.11.1998 81 354 1769 
12.6.2007 51 383 616 
6.8.1994 59 372 541 
9.7.2003 73 398 656 
17.10.1990 50 364 799 
18.4.2009 96 294 1178 
26.2.1995 43 383 1808 
19.8.1994 69 196 1487 
31.2.1997 49 419 636 
18.8.2007 53 112 920 
30.4.2010 64 222 826 
29.8.1995 50 116 1216 
28.1.2012 25 364 1661 
26.10.2004 92 451 1295 
3.11.2004 88 409 1595 
26.5.2020 98 434 1712 
25.7.2000 48 125 1453 
3.4.1996 4 127 1352 
24.10.1994 60 466 899 
4.5.2000 41 250 902 
25.12.2004 28 497 1816 
21.4.2008 5 168 1575 
16.10.2001 95 216 855 
21.11.2007 29 174 919 
2.7.1991 12 419 1024 
28.3.2003 29 395 646 
17.11.1996 73 314 1665 
26.11.2003 86 200 806 
10.12.2008 72 379 913 
23.2.2000 29 119 1205 
16.7.1998 55 340 538 
27.5.2018 34 180 1468 
15.2.2021 78 202 658 
17.7.2015 40 168 1716 
19.5.2019 83 433 1061 
4.5.2010 17 357 868 
27.9.2013 7 384 1109 
5.4.2001 21 139 1492 
13.9.2002 9 113 1529 
24.10.2003 88 196 542 
18.3.2017 58 141 550 
22.2.2019 27 421 1206 
17.10.2001 3 419 723 
5.8.2003 61 482 1142 
22.7.1998 70 419 1020 
7.1.2002 22 160 1380 
23.8.2015 2 136 1778 
24.7.2008 27 305 1486 
12.3.2013 81 177 1498 
21.3.1994 41 314 1519 
7.6.2012 70 375 1755 
7.11.2020 3 438 1816 
16.2.1994 72 193 938 
7.5.2012 54 479 1997 
28.2.2014 89 204 1138 
1.4.2000 69 181 1931 
1.6.1999 100 126 1491 
11.4.2001 47 148 1458 
24.9.2019 23 201 831 
1.10.2020 30 347 1345 
31.5.2009 49 357 922 
23.9.1992 63 275 1514 
10.4.2006 38 327 1279 
30.6.1993 80 318 1288 
3.1.2009 82 296 981 
29.11.2003 78 100 763 
9.9.2018 70 485 1327 
22.3.2004 92 376 560 
4.2.1994 84 379 1050 
15.1.1997 33 237 675 
27.12.1992 39 371 839 
31.7.2015 18 410 834 
24.8.2013 3 447 1911 
17.10.1994 35 458 1038 
7.7.2016 74 401 1262 
13.1.2011 24 334 1185 
1.10.2002 23 160 1498 
19.1.1996 51 199 724 
25.7.2017 49 254 1174 
26.2.2015 53 266 1643 
10.1.1999 41 340 1742 
2.10.2019 1 400 1505 
29.12.1999 56 135 1928 
5.2.2001 60 322 523 
20.5.2008 51 373 1152 
16.3.2009 97 114 570 
6.7.2012 64 199 860 
17.3.2003 97 432 1538 
1.12.2007 78 467 895 
17.12.1990 45 157 738 
12.4.1998 72 284 1404 
12.3.2011 97 121 1390 
26.10.2016 81 152 1283 
1.2.2021 42 484 928 
30.9.2003 19 167 1473 
24.5.1993 33 129 1751 
13.11.2008 24 390 1037 
27.1.2016 40 162 1469 
27.8.2014 9 340 1198 
7.8.2008 100 175 1180 
26.12.2013 14 438 1773 
31.10.1990 1 188 1723 
2.11.2017 13 142 1649 
14.11.2005 34 304 1710 
18.5.2021 68 421 589 
14.11.1994 20 394 1797 
16.6.1997 77 462 1339 
2.6.1993 14 494 995 
3.7.2020 16 347 567 
5.3.1996 86 137 1480 
21.2.2009 73 367 1199 
26.9.2002 31 447 831 
25.9.2003 2 453 1464 
22.6.2010 11 471 809 
18.7.2003 50 286 1029 
19.8.2010 14 213 1629 
11.2.2020 90 378 1914 
28.10.2010 69 457 1607 
22.9.2006 14 481 1070 
3.3.2018 93 156 1306 
14.4.1994 20 261 1757 
3.4.2006 90 426 565 
15.9.2001 50 397 1213 
7.6.2017 18 432 1545 
30.8.1993 38 181 618 
22.1.2010 16 421 998 
6.1.2005 31 243 1815 
22.6.1997 11 333 984 
27.4.2015 9 161 1515 
8.1.2018 13 169 1429 
12.4.2013 29 331 857 
2.1.2017 45 347 1148 
24.7.2007 83 266 1844 
15.6.2016 71 136 1150 
31.10.1996 100 117 784 
2.2.2007 95 440 815 
18.8.1992 4 340 1457 
3.10.2009 95 439 1372 
10.1.2001 55 362 1449 
11.7.2016 34 213 952 
19.8.2014 80 381 611 
15.10.1996 5 369 552 
31.4.1997 27 265 677 
14.4.1991 64 193 1728 
8.4.2009 79 255 1041 
20.9.2017 85 280 1306 
17.3.2006 37 288 1545 
7.9.2003 38 367 1021 
26.6.2005 43 306 1177 
13.5.2006 85 263 1176 
21.8.2007 9 412 872 
6.4.2013 79 362 1329 
30.11.1990 21 473 1778 
28.11.2003 87 476 1135 
26.3.2019 67 368 1615 
27.1.1994 49 421 1704 
22.9.2003 59 431 1452 
7.12.1999 59 476 631 
3.5.2014 44 317 782 
15.9.2006 86 102 1181 
27.3.1991 18 141 1090 
21.8.2011 93 490 1211 
13.9.2003 12 260 1742 
5.5.2012 55 354 1656 
6.8.1993 68 172 1453 
21.4.2017 71 266 1645 
6.1.1999 53 403 899 
4.1.1998 91 125 1254 
14.7.1994 52 217 1477 
20.2.2021 52 263 762 
11.8.2011 71 404 1999 
10.12.2020 16 158 1314 
21.6.2021 41 229 1500 
24.4.2015 2 176 1350 
29.6.2009 13 174 950 
10.12.2020 64 452 1339 
24.12.2002 89 392 1308 
30.4.2020 8 157 1052 
25.11.2017 43 288 1810 
27.12.2020 63 313 1979 
9.6.2011 98 309 932 
4.1.1993 99 232 1210 
22.9.1990 13 291 986 
5.3.2000 74 184 1581 
16.6.2006 86 116 1324 
26.9.2016 1 142 1287 
8.11.2009 63 100 1429 
13.12.2020 46 254 728 
30.3.2011 29 156 1256 
6.12.2018 14 321 1992 
30.10.2006 93 430 1847 
13.12.2012 18 488 1882 
18.7.2002 94 100 1942 
28.2.2005 88 364 1694 
12.7.1992 43 499 881 
20.7.1996 89 426 722 
8.3.1994 43 334 1710 
9.1.2017 38 255 514 
26.8.2003 98 130 1818 
24.4.2019 99 323 1539 
7.4.2016 86 382 718 
27.3.2015 33 121 1983 
21.7.2007 22 397 598 
24.10.2019 5 161 1268 
15.9.1991 35 255 685 
31.6.2006 22 107 1574 
6.6.2019 33 233 1403 
2.11.2011 56 365 1714 
20.10.2009 42 445 1023 
21.1.2014 30 347 700 
28.12.2014 52 432 803 
27.2.1997 31 216 506 
14.3.1994 45 473 612 
9.8.2013 14 303 847 
17.9.2002 81 280 915 
2.1.2015 24 234 1430 
23.8.2015 19 338 1499 
7.2.2001 30 338 1447 
3.6.1994 10 420 1984 
26.5.2005 6 396 1817 
26.3.2016 72 318 649 
27.9.2017 15 440 773 
3.4.2011 49 369 537 
28.10.2002 65 296 678 
27.8.2016 92 285 1000 
30.2.1991 10 462 1060 
29.6.2016 33 300 572 
3.7.2003 74 164 1837 
10.8.2009 80 134 840 
17.3.1990 80 444 1876 
27.3.2017 48 214 1347 
9.8.2004 89 464 1104 
20.7.1992 66 456 1162 
20.1.1998 42 110 1502 
28.12.2018 91 445 1971 
23.9.1994 45 188 1407 
4.5.2002 49 235 1429 
8.10.2000 33 326 682 
22.10.2006 56 297 1007 
22.7.1991 66 246 1820 
2.7.1999 55 456 813 
24.10.2004 33 330 1183 
24.5.1994 35 449 1046 
3.7.2003 12 251 1039 
1.3.2009 16 209 1191 
22.4.2007 31 417 1423 
16.11.2017 41 169 1035 
1.2.2002 98 398 887 
24.11.2016 35 500 1062 
5.5.2004 60 407 1376 
7.9.2004 79 264 1302 
29.5.2011 8 122 773 
7.11.2018 69 472 756 
21.1.2009 11 145 1323 
16.1.1999 15 418 914 
27.4.1999 99 275 1725 
14.8.2003 12 464 684 
6.1.1995 36 485 1148 
4.6.1996 45 409 733 
7.11.1992 49 425 741 
26.9.2019 72 259 1103 
30.7.1993 67 453 1600 
31.12.2005 75 116 1869 
6.1.2013 2 369 1315 
12.11.2008 15 418 1445 
28.6.1997 30 322 970 
18.6.2010 55 198 539 
4.1.2001 51 258 844 
15.3.2013 60 262 1452 
21.7.1999 31 375 1922 
11.3.1997 91 135 862 
13.2.2001 20 391 987 
21.3.2012 21 387 1652 
4.2.2008 15 344 1827 
15.2.2001 37 118 1049 
12.10.2000 62 297 793 
1.8.2017 26 193 1432 
6.5.2017 64 401 1292 
26.2.2012 19 447 720 
20.8.2015 22 195 507 
4.3.2000 70 261 1750 
13.8.2021 99 137 1825 
26.10.2018 41 196 1138 
13.1.2014 72 121 1233 
28.5.2015 61 117 1898 
11.9.2004 53 383 1471 
19.12.2020 36 491 1482 
13.9.1990 98 375 1920 
1.8.2005 47 136 1863 
21.1.2010 20 137 1745 
8.8.2019 29 430 638 
10.5.2018 87 435 613 
23.1.2016 49 341 1953 
22.3.2001 70 387 513 
19.5.2020 74 245 887 
16.5.2003 26 341 1790 
12.9.2001 100 488 1101 
29.1.2000 30 211 1328 
30.12.1998 65 466 1402 
24.3.1991 74 166 1731 
3.11.2005 5 244 964 
12.8.1991 81 430 1205 
29.12.2004 94 418 549 
8.1.2019 28 451 819 
7.4.1995 94 343 765 
27.7.1994 52 416 1848 
26.5.2010 24 381 1188 
29.12.2019 11 189 1236 
4.3.1994 40 398 518 
3.12.2001 10 408 883 
25.4.2014 80 401 849 
31.6.1999 92 306 591 
5.9.2002 78 283 679 
25.10.2000 27 395 909 
20.11.2014 41 230 1636 
24.4.2006 75 319 1189 
14.7.2018 45 348 1432 
22.7.1992 7 379 1625 
13.12.2010 84 378 655 
22.10.1999 12 374 945 
24.9.2009 50 266 691 
13.2.2018 45 191 1888 
18.6.1992 40 455 972 
30.3.2015 79 429 1307 
12.3.1990 46 153 504 
8.8.1999 62 120 1689 
5.12.1993 5 244 982 
4.4.1992 77 136 571 
18.7.2001 3 167 762 
4.5.2004 88 297 919 
25.12.2010 78 193 1134 
9.12.2011 16 300 985 
30.7.1999 95 102 924 
27.9.1992 22 489 1486 
10.5.1994 17 360 1496 
18.1.2017 83 458 1332 
10.9.2009 32 149 907 
1.2.2019 76 378 1999 
2.10.1992 95 472 585 
21.11.2010 1 201 1144 
29.6.2018 13 126 1699 
28.11.2021 34 265 730 
27.5.2002 61 231 1804 
5.6.1996 32 469 1641 
31.4.2006 62 160 1372 
24.1.1997 92 442 603 
10.12.2020 91 410 1741 
16.4.2006 29 257 1601 
27.12.1998 5 211 1115 
24.1.2002 86 232 1454 
16.12.2001 41 300 1608 
5.7.2011 8 298 835 
23.7.2013 29 245 1366 
19.8.1997 2 412 1532 
2.4.1996 72 385 1628 
26.6.2011 62 296 1480 
7.4.1994 51 279 793 
10.3.2004 40 289 1760 
5.12.2018 84 316 1541 
26.1.2010 31 104 1789 
9.7.2018 88 397 828 
5.5.2018 86 242 1730 
6.5.1990 94 210 827 
9.9.1992 3 332 1357 
16.12.2005 73 372 827 
4.4.2007 10 469 1824 
18.2.2014 54 190 1509 
7.9.1995 29 489 543 
17.7.2009 52 200 1070 
9.5.2001 78 456 1874 
15.6.2018 85 430 1158 
4.4.2021 76 251 1231 
11.2.2003 54 205 702 
8.5.2001 91 175 1186 
1.4.2017 17 453 830 
8.8.2015 61 201 699 
26.5.1992 96 409 996 
24.10.1990 92 171 1455 
25.5.2007 15 178 1857 
11.6.1999 16 226 1744 
19.9.1999 94 434 1267 
1.9.1998 39 487 1393 
3.3.2002 9 347 741 
7.10.2002 47 445 523 
14.1.2009 67 464 1786 
16.2.2000 53 292 558 
24.1.1996 56 297 1039 
5.8.2000 97 131 641 
26.11.2008 48 420 1526 
25.9.2003 16 278 1959 
14.11.1999 46 305 1511 
28.5.1991 26 236 811 
15.11.2018 67 427 1246 
2.6.2019 28 201 1960 
26.11.2003 89 453 886 
8.8.2012 78 140 1008 
16.9.2015 92 481 1125 
14.4.1999 40 360 862 
13.9.2007 64 251 938 
29.6.2016 16 492 1243 
16.11.2019 27 144 700 
31.1.2010 93 200 1282 
23.4.1997 40 225 1345 
9.3.2001 69 397 1373 
3.11.2002 78 137 1014 
31.2.2004 19 324 1234 
5.6.2014 9 126 1235 
8.3.2018 33 438 1187 
30.3.2020 65 384 1900 
21.3.2016 82 498 785 
7.2.2006 97 250 692 
20.2.2007 79 115 713 
8.11.2016 58 256 1931 
5.2.1999 70 477 1276 
19.1.1995 25 319 1191 
13.2.1990 27 271 1310 
4.3.2013 77 198 883 
12.3.1997 32 332 1205 
4.4.2013 3 437 1507 
3.3.2006 62 392 1731 
27.10.2021 1 308 1523 
26.12.2018 99 176 1040 
17.2.1991 25 103 1626 
9.2.1995 12 462 955 
13.3.1999 44 227 739 
19.3.2020 17 467 1350 
26.10.2010 37 329 1921 
21.3.2012 98 271 529 
22.4.2000 57 248 837 
10.4.1995 37 102 672 
21.2.2021 61 167 1259 
31.10.2004 3 132 832 
18.1.2013 58 327 1132 
24.2.2009 70 224 757 
8.11.2004 91 122 1845 
25.8.1995 56 214 978 
6.7.1997 21 132 1110 
8.8.2007 4 249 1660 
5.4.2008 59 468 832 
21.5.2000 25 269 1214 
11.4.2020 68 279 522 
30.6.2019 69 410 655 
31.12.2011 29 219 909 
24.6.1994 33 173 1348 
24.12.1994 97 283 1485 
20.9.2011 78 179 1160 
8.4.2006 36 240 1650 
24.10.1998 65 312 1273 
15.3.2000 47 468 581 
20.8.2009 51 449 1218 
12.6.2021 96 243 1094 
11.8.2006 36 359 1487 
14.4.2017 20 102 607 
10.8.2006 84 369 1484 
26.10.1995 8 498 536 
16.3.2012 49 477 931 
16.8.1999 5 386 1930 
22.11.2005 54 499 888 
16.6.2009 25 117 1124 
30.10.2012 97 175 625 
25.11.2015 89 244 1401 
7.9.2012 89 166 1895 
24.3.2008 98 323 666 
17.7.1998 14 101 749 
4.9.2009 80 460 794 
15.3.2002 65 431 727 
10.1.2007 93 156 1262 
31.11.1997 6 325 914 
7.11.2013 50 382 1815 
6.1.2001 6 334 1652 
11.4.1999 53 238 1528 
14.9.2006 61 123 596 
11.4.2020 72 341 1287 
29.8.2005 47 130 1987 
24.6.2005 80 332 668 
24.8.1994 96 253 692 
12.3.2010 87 348 1793 
28.5.1998 97 412 1394 
25.3.2005 51 276 1007 
28.1.1992 24 475 787 
30.8.2013 96 232 795 
7.1.2021 50 324 1022 
17.4.2014 49 469 1104 
23.6.2014 85 484 637 
10.6.2021 67 493 563 
30.8.2012 97 187 1343 
5.11.2001 89 363 790 
1.7.1990 4 163 1876 
22.11.2008 71 458 1335 
16.1.2002 86 422 908 
9.5.2003 15 320 1020 
7.6.2004 70 474 1750 
17.1.1994 22 206 880 
17.6.1993 35 110 1620 
30.8.2018 30 316 609 
3.3.2016 6 105 1919 
10.5.1996 56 218 1975 
2.2.1999 71 366 906 
14.7.2000 81 472 804 
18.11.2014 8 295 1592 
30.5.2016 36 118 1099 
1.12.2007 38 495 1828 
23.4.2008 44 447 1103 
9.10.1991 94 492 1006 
27.8.1990 7 278 1748 
17.1.2020 99 387 823 
2.9.2013 75 173 1846 
29.3.2005 36 327 1258 
3.1.2008 73 311 616 
25.1.1994 19 408 1560 
6.8.1999 44 370 1409 
13.3.1991 54 309 858 
14.4.2005 6 190 638 
21.9.1995 73 474 1453 
15.3.1992 89 145 1263 
27.3.1995 32 485 1355 
7.2.1996 58 340 1507 
13.2.2020 94 433 1588 
17.11.1993 48 214 1614 
7.11.2016 69 186 1911 
20.6.2017 10 242 633 
19.4.2012 67 210 926 
29.4.2003 36 461 1724 
31.10.2012 43 182 1741 
15.5.2016 81 189 1301 
2.8.1999 45 199 517 
11.2.2016 63 104 983 
30.11.2003 59 177 1766 
19.11.2021 86 460 691 
22.10.1999 9 271 1796 
20.2.2005 46 437 1235 
20.1.1995 60 191 1199 
18.6.2008 14 443 1455 
5.7.2010 14 164 1775 
27.10.2015 58 319 1592 
16.9.2013 37 221 1194 
8.3.1994 39 260 1814 
3.11.1992 85 384 574 
6.12.2005 82 399 1915 
4.3.2000 72 403 997 
9.6.2004 49 420 1834 
13.1.2019 97 197 1997 
1.6.2001 81 325 982 
31.7.2017 89 239 828 
9.7.2008 68 462 1628 
14.8.2008 23 100 1201 
15.3.2008 59 397 1738 
7.10.2002 97 463 1324 
20.2.2014 62 323 810 
27.5.2015 44 107 1888 
15.5.2014 82 415 943 
4.11.2017 16 199 1858 
27.11.2000 52 303 1516 
26.8.1998 71 269 1088 
29.6.1999 59 264 1290 
5.12.2018 57 253 727 
2.6.1993 94 390 1763 
3.5.2015 52 321 1583 
23.11.2013 92 163 610 
28.2.1996 67 255 1760 
22.4.2019 22 303 1119 
21.3.2008 10 253 1996 
15.1.1990 34 420 1756 
31.12.2015 97 271 1376 
9.7.2002 47 321 1977 
1.4.2006 28 429 610 
25.6.2009 95 231 878 
22.11.2002 62 463 1174 
1.10.2009 12 402 1205 
20.7.2006 89 326 676 
5.1.1997 62 441 1800 
8.1.2009 90 500 1040 
28.10.2007 92 103 1938 
1.1.2021 31 176 1373 
21.9.2019 27 433 1678 
4.5.2017 83 473 1568 
28.3.2020 49 437 1607 
26.4.2014 21 169 843 
14.4.1990 24 191 1236 
15.3.1998 10 117 1965 
15.11.2014 89 142 1285 
23.8.1993 56 322 895 
20.9.1995 42 489 1768 
14.10.2001 2 208 669 
9.8.2014 60 475 1013 
17.5.1998 44 402 680 
13.9.2000 7 129 1725 
11.9.2016 28 381 551 
4.2.1993 47 360 1038 
10.4.1993 97 437 558 
9.12.2008 13 222 1890 
10.4.2019 39 294 1488 
2.3.2017 73 278 1857 
10.11.2011 27 467 726 
30.1.2011 3 176 1040 
26.11.2006 50 173 1345 
7.11.2014 65 470 525 
20.2.2016 32 394 1876 
7.3.2000 100 415 1739 
12.2.1998 75 329 1375 
16.3.1998 82 118 594 
20.5.1991 20 107 1762 
14.1.2016 1 252 1826 
10.11.1998 95 278 1668 
17.10.2008 1 146 1142 
23.1.1995 25 129 1061 
10.8.2010 76 422 592 
19.8.2016 72 391 1859 
11.11.2006 1 173 720 
29.5.1996 3 457 1348 
13.2.2017 19 389 761 
25.11.2000 95 235 1549 
6.10.1994 94 492 971 
27.8.1998 24 144 1928 
14.7.2006 1 422 741 
19.9.2009 14 281 592 
1.12.2011 100 473 1155 
30.9.2018 86 338 502 
3.10.2007 19 475 803 
22.7.2019 30 418 1350 
8.5.2003 4 179 644 
7.1.2020 48 275 1756 
25.5.2006 8 335 1371 
31.8.2008 48 400 1892 
17.2.1995 95 156 1504 
13.10.2012 86 148 765 
18.7.2009 45 160 1754 
19.2.1999 84 188 1901 
28.1.2021 20 155 1945 
6.1.2009 23 312 976 
20.10.2014 14 429 1906 
2.1.1998 61 275 636 
16.6.1999 28 377 1789 
8.7.1991 46 182 622 
17.8.2017 32 116 1815 
8.7.1990 48 249 640 
30.2.2003 96 328 1572 
3.9.1992 71 439 915 
17.12.1998 29 292 1167 
21.4.2017 27 272 805 
31.10.1991 66 349 1631 
28.2.2000 4 151 1052 
1.7.2008 34 302 1916 
3.6.2005 21 126 569 
13.3.2019 62 224 621 
11.10.2021 31 138 1618 
30.9.2016 61 165 1215 
18.7.2020 99 279 1664 
23.2.1997 92 410 572 
12.7.2018 56 261 1461 
27.4.1991 9 427 1659 
24.5.2010 50 190 644 
1.11.2016 69 445 1818 
23.7.1996 55 225 926 
3.9.2019 3 131 1465 
17.8.2006 72 237 928 
18.7.2009 25 224 517 
14.12.2009 52 126 834 
26.3.2013 20 357 1326 
17.4.2016 25 376 1590 
10.5.2000 69 368 1918 
24.6.2005 1 422 1988 
25.7.2000 34 441 1418 
14.6.1996 42 479 1431 
29.9.2008 43 314 1301 
17.1.2011 55 142 1307 
21.5.2010 83 231 1050 
6.4.1990 89 327 1829 
18.2.2019 12 386 1476 
18.10.1996 59 497 968 
28.6.2013 57 309 573 
25.11.1995 83 256 626 
14.1.2017 48 378 1547 
27.2.2008 87 409 1476 
25.10.2007 86 468 1127 
3.9.2021 83 392 807 
28.6.2012 60 100 993 
20.3.2009 28 472 1718 
29.11.2003 85 106 899 
29.12.1995 42 199 1359 
16.5.2007 18 431 1180 
1.6.2002 3 301 932 
24.3.1998 50 374 582 
15.5.2010 1 146 599 
10.8.2001 14 294 1352 
13.3.2009 89 253 1325 
8.3.1999 35 294 1819 
29.8.2017 95 126 1937 
24.2.1993 49 393 1388 
5.1.2017 14 106 747 
4.2.2011 53 351 1979 
3.12.2003 77 121 1763 
10.10.2006 81 191 1185 
6.7.1995 52 220 1389 
28.5.2015 77 408 1512 
20.6.1994 62 292 1138 
3.6.2003 85 229 865 
12.7.2012 91 129 545 
8.7.1991 100 420 562 
21.10.2009 55 485 1722 
14.6.2000 95 375 1629 
18.1.2019 98 128 736 
29.8.1992 95 357 1395 
22.12.2009 54 367 1994 
1.12.2014 69 127 1792 
12.6.2000 27 397 1715 
27.5.1999 69 390 1446 
19.3.2021 18 494 963 
4.11.2012 85 377 1945 
3.6.2005 48 230 1331 
16.10.2016 40 370 1523 
6.5.2010 52 319 1159 
28.5.2011 57 268 586 
17.12.2004 17 216 1945 
16.4.2002 67 161 1527 
28.5.2000 12 424 847 
11.3.1999 20 198 695 
16.8.2012 2 239 563 
7.3.1999 18 477 1406 
19.5.2018 49 423 1170 
29.10.2007 89 458 1856 
4.6.2016 85 452 1803 
27.5.2004 9 263 1509 
9.12.2021 55 289 869 
24.2.2007 30 326 906 
26.5.2001 54 460 1184 
8.1.2001 86 327 546 
16.3.2005 8 103 1040 
21.6.1991 99 233 1678 
18.1.2008 42 150 939 
10.9.1999 71 346 1766 
20.12.1990 38 401 1431 
19.5.1998 19 130 1031 
19.6.2009 58 102 816 
4.8.2009 5 189 752 
5.11.2016 31 281 520 
10.8.2010 100 393 1366 
20.7.1991 43 372 1358 
19.2.2021 22 477 999 
3.5.2014 82 243 1089 
16.11.2014 32 359 1164 
14.9.1993 47 498 1489 
25.5.2017 93 227 1976 
19.1.2000 65 469 845 
26.10.2012 87 381 1711 
7.8.2008 25 338 826 
13.7.2000 84 223 652 
15.8.2016 89 492 1895 
3.1.2000 14 494 547 
30.7.2008 76 244 924 
12.3.2021 29 281 1906 
31.6.1999 28 407 1634 
15.6.2012 15 231 1849 
8.7.2009 8 151 572 
24.12.2004 6 484 877 
15.9.2004 69 265 627 
10.2.2011 55 113 994 
11.9.2016 34 323 1987 
8.10.2003 8 195 600 
30.5.2009 87 308 1992 
9.12.2017 38 169 1569 
9.10.2016 15 492 1347 
12.3.1992 50 128 1499 
11.5.2001 25 116 1401 
28.6.2009 26 416 1063 
23.8.1999 27 121 1117 
28.9.2021 90 403 1197 
16.1.2015 55 420 1045 
10.10.2017 22 125 1099 
21.4.1996 39 380 584 
22.2.2017 84 295 1702 
7.8.2001 9 234 1597 
25.10.2011 5 166 1958 
21.9.1993 91 371 1958 
21.4.2005 16 444 515 
15.4.2012 61 472 796 
28.6.1998 64 154 1253 
13.9.1999 67 245 1940 
13.1.1998 74 408 1976 
27.1.2018 11 287 1491 
30.10.2004 66 396 1308 
7.10.2008 78 440 1464 
22.11.2020 3 340 1479 
10.11.2012 30 234 1319 
15.1.2018 41 380 1618 
18.12.2011 65 173 800 
8.10.2011 71 412 1769 
23.1.2004 98 433 1883 
13.8.2016 8 303 1011 
29.1.2013 2 464 1000 
6.3.2007 71 317 1686 
4.5.2013 83 352 700 
27.12.2010 45 393 1061 
17.5.2017 68 178 1186 
27.10.1992 92 374 605 
7.4.2013 18 484 633 
10.9.2015 87 428 1085 
4.4.1993 58 388 1113 
8.7.1996 70 144 1513 
28.5.2021 25 272 1065 
11.11.2004 36 298 1313 
26.11.2005 59 239 1285 
10.12.2003 81 368 1225 
23.8.1991 93 256 550 
12.3.2017 34 176 1564 
16.1.2006 96 447 993 
16.3.2013 75 319 771 
17.2.2013 61 206 908 
31.4.1992 47 306 1659 
5.1.1993 9 202 1712 
2.5.2017 44 245 1865 
15.4.2011 22 353 978 
4.1.2012 57 127 806 
4.5.2006 35 163 744 
25.4.2011 47 281 1785 
30.2.1993 72 417 1762 
8.3.2003 70 418 1361 
26.4.2017 90 348 1219 
14.6.2005 26 482 1522 
17.3.1991 49 163 596 
31.10.2016 54 182 1530 
16.5.1990 17 180 1327 
14.11.2008 69 164 1646 
21.11.1995 58 423 514 
26.1.2014 78 226 1333 
19.8.2008 2 196 603 
13.10.2014 86 142 1000 
16.8.2012 73 140 1975 
16.5.2006 98 348 1560 
2.6.1998 39 241 1472 
27.4.2001 46 335 987 
23.11.2010 53 391 679 
4.5.2011 65 157 1951 
7.6.2020 30 454 1340 
18.2.2019 19 245 1473 
8.9.1995 34 414 1366 
25.1.2002 28 170 1567 
18.9.2011 61 440 773 
19.5.1990 92 372 1872 
27.6.1995 31 106 516 
8.2.1990 42 227 1517 
26.4.2019 53 433 1510 
26.10.2002 59 301 820 
25.11.1997 93 158 601 
6.11.1999 20 414 1225 
5.2.1990 25 140 849 
13.8.2006 84 495 895 
22.12.2010 24 359 1642 
17.10.2016 81 100 1818 
19.3.2010 56 273 985 
13.6.2020 16 110 1473 
3.12.2013 39 148 556 
19.9.2020 16 401 1123 
5.5.2008 6 425 1482 
9.2.1997 10 175 580 
10.5.1990 70 102 1945 
25.12.2001 28 248 1702 
23.3.2000 38 245 1897 
9.10.1997 26 130 985 
19.12.1990 99 242 621 
6.11.2001 23 233 1635 
11.12.1993 51 442 1151 
25.2.1995 39 206 1082 
9.9.2002 57 479 1011 
18.1.2003 21 103 1709 
18.9.2015 39 308 725 
17.3.2008 20 308 1098 
17.12.1990 100 221 651 
21.4.2004 54 305 859 
27.8.1990 4 381 1121 
3.11.1990 3 316 1033 
8.2.2009 79 427 1077 
22.10.2000 42 137 864 
12.4.1998 82 238 1044 
16.2.2017 1 277 1646 
30.1.2021 73 287 1709 
6.6.1992 70 321 1808 
8.10.1998 24 243 993 
13.6.2006 87 165 1293 
21.7.1996 91 239 1244 
27.12.1999 17 292 778 
8.2.1995 78 344 1664 
16.9.2001 79 201 1683 
21.6.2005 54 396 801 
6.1.1991 83 181 781 
14.12.1993 24 141 1007 
31.1.2019 42 494 808 
18.5.2021 77 237 1278 
3.6.2007 35 381 1099 
28.4.1991 8 474 568 
11.11.1991 38 194 978 
17.4.2001 97 185 1481 
21.10.2013 64 365 938 
6.4.1990 88 173 826 
8.9.1991 9 127 662 
15.8.2008 97 181 1380 
29.5.1998 91 300 895 
12.11.2007 96 121 1224 
26.8.2021 3 383 914 
10.5.1991 39 174 1182 
20.2.2021 77 330 757 
4.8.2008 48 340 553 
15.7.2002 55 422 1316 
16.4.2013 20 337 1931 
30.4.2016 33 233 1332 
4.12.1996 84 316 1600 
3.11.2014 54 410 1177 
10.2.2008 26 118 669 
29.1.2012 58 121 1899 
5.7.2006 20 316 1315 
3.3.1995 57 444 1410 
19.11.1999 18 146 1686 
2.11.2015 97 109 1803 
8.8.2009 70 187 1206 
30.12.2000 42 342 1734 
5.5.1991 49 291 1486 
13.11.2001 5 423 1345 
5.5.2018 84 274 1047 
14.5.1995 88 268 1530 
1.4.2015 29 300 874 
28.7.2003 25 301 877 
25.4.1997 36 263 762 
13.1.1990 78 389 1138 
27.8.2006 93 389 890 
15.10.1990 81 351 1475 
18.4.2018 28 352 511 
2.6.2019 31 307 1342 
7.12.1995 30 439 1439 
13.3.1996 31 201 1935 
8.11.1991 70 454 969 
8.3.2020 20 246 1200 
30.12.2017 89 337 1431 
29.11.2019 86 450 1506 
17.2.2002 42 122 1893 
22.4.2002 17 201 1812 
4.7.2007 60 448 1627 
26.7.2001 33 378 601 
15.12.1992 70 244 1764 
24.6.2009 98 497 715 
21.1.1991 34 267 887 
12.8.2021 32 115 1430 
15.8.1993 5 416 1345 
6.1.2006 44 186 1070 
19.11.2020 46 202 629 
26.4.1996 65 112 1287 
9.11.1991 80 206 1740 
31.4.2017 85 188 1926 
1.5.2000 66 217 916 
14.9.1990 83 192 1076 
17.5.2012 60 253 1747 
31.7.2020 26 184 997 
17.4.2019 25 415 1371 
31.1.2018 58 186 1405 
25.11.2020 14 414 723 
2.8.2005 72 330 1833 
12.7.2001 35 438 1407 
21.7.1991 1 311 669 
16.5.2013 52 444 1733 
9.6.2013 56 297 1315 
4.10.1996 93 189 1472 
13.2.1994 86 205 1398 
14.9.1992 51 370 787 
7.12.1990 13 151 1514 
27.9.1997 73 228 1611 
17.3.2002 69 478 1874 
24.2.1993 62 445 1983 
20.10.2000 49 163 1625 
1.5.2006 51 144 1443 
19.12.2009 33 134 968 
18.9.2018 20 476 1539 
31.7.2013 32 457 1906 
22.11.2005 35 240 1697 
31.10.2012 5 364 1505 
24.1.2006 44 381 1969 
16.10.2007 72 257 1612 
11.8.2014 88 467 825 
18.8.2015 62 290 1457 
15.5.1991 18 212 539 
24.3.1990 51 170 1409 
28.5.2015 93 270 1352 
12.7.1997 68 372 1060 
16.10.2021 20 472 1829 
18.11.2009 82 430 981 
5.2.1991 67 141 1971 
4.10.2017 69 114 1888 
27.6.2014 59 286 1738 
26.5.1991 48 148 1231 
18.7.1994 49 211 1689 
11.6.2020 54 178 803 
27.12.1991 56 347 1789 
10.7.2000 68 348 1084 
12.12.2004 22 101 1427 
9.5.1992 31 128 898 
11.5.2013 38 244 1678 
2.3.2010 1 333 1132 
18.4.2016 44 390 1181 
25.6.1991 47 149 1398 
7.6.2016 59 296 1621 
15.7.1997 57 116 959 
27.4.1990 62 468 1148 
24.5.1991 42 371 676 
31.10.1994 85 362 718 
14.6.2007 48 205 1896 
8.10.2017 99 412 1397 
22.7.1993 58 242 1624 
8.1.1994 27 154 1003 
24.2.2006 57 139 1181 
25.3.2003 2 179 1125 
22.10.1996 35 108 1226 
30.1.2003 74 224 1966 
30.9.2019 10 285 648 
7.5.1991 2 146 1295 
12.4.2003 75 283 835 
23.2.1993 39 127 1534 
1.7.2013 47 168 1784 
22.3.2001 26 124 1754 
5.4.1993 19 393 1924 
2.8.2007 23 454 1340 
25.2.2006 29 465 1270 
6.5.2010 49 461 692 
12.4.2018 48 283 527 
12.5.1994 27 254 525 
4.11.2007 54 417 1324 
22.3.2012 3 376 1065 
18.3.2011 90 269 1398 
6.10.2002 5 358 1964 
16.5.2018 96 484 1568 
28.3.2002 81 459 1562 
17.3.2017 2 208 937 
6.5.2006 95 264 1826 
1.3.2003 50 189 660 
26.1.2012 49 171 1933 
7.5.2011 7 433 1041 
14.2.2007 67 185 1951 
15.3.2018 18 280 590 
5.5.1999 2 221 741 
1.3.2004 33 246 1623 
16.8.2014 75 155 1801 
6.8.1996 87 403 840 
8.11.2011 100 155 824 
27.7.1996 54 441 1285 
16.9.2011 21 192 687 
30.2.2020 38 221 1140 
29.4.1996 7 296 558 
14.10.2006 22 157 937 
5.5.1992 76 200 1229 
28.3.2014 1 342 661 
29.3.2004 32 490 1868 
20.12.2021 73 396 1805 
11.4.2017 55 392 1572 
2.7.2013 61 128 1269 
1.3.1990 42 483 1537 
29.5.1997 48 278 595 
30.3.2014 50 493 1867 
14.8.2016 23 120 1069 
13.8.2008 7 136 1755 
30.2.2004 47 408 1876 
9.4.1996 99 381 1217 
28.8.2013 42 215 1387 
16.6.2015 50 408 887 
19.3.2003 6 297 599 
25.5.2018 9 257 1014 
3.6.1993 56 461 1301 
31.9.2018 74 239 1951 
18.3.2016 21 416 501 
24.5.2015 29 434 526 
10.4.1996 2 124 976 
3.3.2009 15 253 1688 
8.12.2006 18 284 1353 
16.9.2014 44 318 1795 
6.9.2010 44 313 1102 
6.7.2020 11 285 1432 
14.8.1995 67 335 1947 
27.5.1991 77 303 1085 
20.3.2019 93 491 832 
21.11.1991 7 411 679 
24.8.2015 60 283 717 
5.11.2021 63 490 695 
23.3.2011 51 494 615 
28.5.2017 18 380 968 
12.7.2007 92 112 1931 
9.6.1996 28 201 1124 
14.3.2018 68 495 649 
1.1.2005 7 254 1946 
14.1.2018 9 334 502 
23.8.2003 76 197 1789 
9.1.1999 14 289 1033 
1.5.1998 5 248 1776 
4.1.2006 28 399 1244 
10.9.2001 97 122 1242 
3.9.1990 80 433 1674 
7.10.2012 35 195 1234 
24.5.2019 30 133 783 
20.4.2007 91 465 1460 
2.7.2015 25 197 967 
15.12.2012 71 222 1352 
17.9.1992 16 116 1900 
13.5.1991 52 412 527 
10.1.1990 59 319 607 
30.8.2008 22 119 949 
12.9.2012 98 311 1120 
24.7.2003 100 227 833 
29.7.1995 52 448 1430 
23.9.1993 81 187 1795 
1.11.2011 74 434 1264 
17.6.2007 88 336 561 
21.4.2015 56 371 542 
14.3.2002 53 174 1010 
6.5.1990 78 351 825 
3.9.2008 79 298 542 
6.8.1992 64 385 1124 
6.11.2010 100 234 1868 
21.9.2003 18 474 1740 
16.9.2008 36 479 1930 
12.7.2020 74 285 1673 
28.1.2011 16 418 1063 
10.10.2015 53 467 1503 
1.2.2003 67 379 1375 
21.9.2007 90 436 692 
25.2.2013 68 490 1518 
9.8.2008 52 144 1836 
6.6.1997 60 288 1243 
25.11.1999 13 333 1642 
6.8.2010 38 319 828 
19.5.2013 5 325 1538 
3.1.1992 77 351 1740 
26.6.2004 54 237 1551 
27.6.2012 78 239 1148 
4.8.2018 16 148 1487 
1.6.2003 37 213 1115 
16.10.2015 72 163 1065 
20.11.2002 40 485 820 
29.7.1992 68 179 1046 
26.2.2019 44 139 523 
14.3.1991 57 189 804 
13.7.2015 81 109 1687 
30.1.2001 63 455 1198 
21.1.2007 37 473 898 
10.8.2009 41 275 1293 
27.1.1998 81 271 1633 
16.8.1992 27 431 997 
11.12.1993 6 165 1247 
6.2.2020 14 213 754 
14.6.1997 86 239 1577 
18.10.2004 56 233 1227 
29.11.1998 90 194 1571 
18.10.2008 27 352 1185 
13.1.2011 71 199 632 
7.8.2019 55 270 1640 
28.2.1995 49 243 971 
24.9.2015 12 497 1149 
7.6.2006 64 373 1830 
22.4.2007 52 324 1532 
8.10.2010 68 273 1160 
2.3.2010 100 321 1888 
14.9.2020 3 183 1870 
5.8.2018 67 343 1204 
9.1.2021 78 260 1388 
18.1.1997 61 340 1810 
29.7.2012 31 253 925 
24.7.2001 95 311 1865 
26.7.2021 60 139 1676 
27.5.2019 21 136 1615 
23.4.2004 14 222 1854 
18.11.2005 41 244 1146 
31.8.2019 49 333 935 
6.4.2010 77 158 1218 
26.10.2012 45 147 728 
27.2.1992 26 497 1515 
9.11.2015 86 360 592 
16.9.2013 26 219 978 
1.9.2016 45 134 1476 
19.11.1997 13 225 781 
19.11.2003 36 285 1215 
20.2.1998 76 317 1807 
2.10.1992 6 350 1322 
5.10.2021 42 488 992 
1.1.2003 19 119 1391 
21.7.2012 72 343 1836 
20.11.2004 4 442 1627 
18.7.1998 71 119 732 
13.5.1990 51 104 1992 
6.10.2014 7 259 1281 
3.1.1994 41 241 1920 
17.7.2005 53 246 1621 
5.10.2018 81 147 1458 
22.3.2017 45 493 1751 
7.2.2014 7 346 583 
13.3.1993 73 224 1732 
14.11.1996 36 122 1337 
12.2.2009 17 492 792 
10.8.2020 90 296 696 
5.7.2016 6 396 1851 
16.11.1992 36 459 1053 
30.2.2014 31 248 1591 
16.7.2004 61 430 1234 
27.3.1992 91 424 1731 
7.7.2015 44 198 829 
14.4.2006 75 273 1217 
12.7.2007 46 107 1296 
10.10.2006 91 220 1232 
12.1.1991 100 294 1534 
3.6.2021 57 378 1561 
13.4.1999 49 369 753 
26.12.2020 52 215 723 
19.9.2021 31 138 1508 
28.9.2017 4 360 1026 
30.5.2018 24 298 1553 
6.12.2002 41 477 830 
1.3.1992 91 422 785 
30.12.1990 92 330 1301 
14.2.1997 59 165 1977 
19.12.2004 27 233 990 
11.4.2013 12 260 1288 
22.8.2019 40 159 1027 
2.11.2006 19 247 1344 
29.4.2018 46 334 883 
22.4.2011 97 248 856 
16.2.2008 6 463 1519 
29.7.2008 53 440 1700 
4.6.2021 15 366 1693 
11.2.2021 57 115 1463 
20.10.2003 3 102 662 
26.9.2002 95 340 1914 
14.2.1997 100 283 896 
24.12.1993 15 476 1929 
27.7.2021 12 385 1754 
7.2.1999 31 263 1777 
5.11.2004 44 499 732 
3.10.2016 53 173 1456 
17.11.1992 3 434 650 
3.10.2011 63 137 1597 
26.10.2009 14 273 855 
17.4.2002 46 192 1273 
15.8.2021 75 453 1673 
11.6.1990 11 407 717 
15.1.1994 13 392 1334 
5.1.2010 71 277 911 
16.1.2005 17 372 1097 
21.10.1994 25 417 514 
15.3.2005 78 222 1445 
27.2.1992 44 302 618 
10.5.2021 42 102 1629 
20.3.1992 90 401 1460 
12.12.2016 7 159 1714 
15.4.1993 94 436 1784 
9.6.2008 55 413 1858 
12.6.2008 60 322 1597 
20.2.2017 48 231 1130 
10.11.2012 78 366 888 
8.11.2012 14 145 1522 
14.6.2006 71 195 1052 
21.5.2005 51 455 1607 
16.8.2011 58 325 1290 
8.8.2017 20 452 731 
21.5.1992 30 315 1890 
9.3.2000 33 239 1609 
2.12.1995 81 351 1259 
9.9.1995 83 184 1110 
8.3.2002 58 420 994 
24.2.2008 79 168 785 
20.10.1991 39 174 726 
26.6.1998 55 423 1069 
13.4.2002 74 434 1560 
23.10.2003 44 176 1763 
31.1.1992 16 342 1746 
21.3.2020 81 163 1135 
31.7.1996 35 207 1333 
20.9.2014 35 398 1558 
26.10.2001 1 278 515 
8.8.1994 78 282 979 
1.6.1999 25 304 1673 
1.5.1997 86 487 1427 
8.5.2020 21 175 662 
8.9.2002 94 132 1985 
10.9.2000 65 422 1934 
25.3.2010 23 348 1106 
21.6.2015 23 200 1268 
1.9.2007 84 258 1596 
23.4.2019 10 377 1786 
3.10.2003 10 331 1717 
25.11.2014 25 115 1518 
15.8.2010 74 128 1471 
18.10.2004 10 334 1641 
3.10.2000 35 380 1248 
7.6.2005 23 481 1772 
12.11.1995 17 109 769 
28.10.2008 39 233 600 
3.6.2011 43 369 720 
19.4.1996 88 450 1710 
27.3.2014 76 315 1327 
8.7.2003 100 418 1359 
22.6.2007 40 189 733 
18.2.2019 80 277 1222 
14.2.1994 58 332 790 
14.8.2001 97 299 1137 
31.11.2012 53 189 1240 
10.5.2017 93 180 927 
12.10.2019 96 213 1048 
11.5.1991 17 320 848 
2.1.1991 85 138 632 
6.12.2015 37 327 1917 
25.2.2004 34 348 1650 
25.9.1996 94 140 1911 
30.1.2021 48 256 959 
27.4.1998 99 319 1985 
19.11.1992 92 190 1333 
2.12.2013 84 233 738 
11.9.2000 21 403 1824 
8.4.1995 92 367 1223 
27.5.2014 17 212 1306 
1.11.2013 74 407 833 
25.2.2011 59 246 1147 
1.8.2003 41 179 1450 
31.3.1997 24 279 1962 
8.8.2000 68 238 1373 
23.9.2015 58 159 1978 
28.12.1997 55 356 798 
27.11.1998 2 385 1347 
18.7.2021 15 444 1841 
30.4.1991 61 401 1205 
24.7.1993 83 265 1970 
17.4.2008 16 247 1979 
29.6.1994 20 203 1639 
15.12.1997 35 115 711 
23.3.2018 53 401 793 
2.1.2009 41 120 1494 
30.4.2014 90 485 874 
30.11.1998 2 332 534 
25.10.2009 59 221 625 
6.5.2016 12 435 877 
15.11.2021 39 272 1766 
31.11.2010 22 328 1778 
12.10.2019 39 393 1650 
15.12.1995 17 172 610 
11.8.1998 17 295 1124 
19.1.1999 36 155 1595 
12.8.2013 11 268 1431 
16.10.2003 26 321 1156 
14.8.1992 12 484 1561 
7.11.2017 27 333 1378 
17.11.2003 3 122 955 
29.9.2008 29 274 658 
12.9.2003 88 360 1382 
15.2.2007 52 437 628 
7.9.2001 70 335 508 
2.1.2003 60 489 1618 
29.11.2013 27 345 953 
1.5.1996 30 186 1506 
6.10.2010 76 160 1846 
6.2.2016 96 295 915 
18.9.1991 10 327 736 
27.2.2001 40 371 795 
27.2.2001 66 409 738 
9.5.2006 80 309 1301 
30.11.2017 55 286 1001 
6.5.1997 68 120 657 
2.7.2021 66 436 545 
25.7.2016 18 494 1097 
10.4.2008 94 178 1726 
20.6.2016 46 429 821 
16.3.2006 40 400 1894 
4.4.2005 44 199 1539 
25.10.1996 95 467 1080 
27.11.2000 18 152 1607 
26.8.2000 34 305 608 
14.7.2008 43 206 1695 
3.2.2018 3 212 673 
30.12.1993 30 219 1093 
1.10.1992 7 199 520 
9.8.1997 37 485 1339 
26.2.2019 37 262 1948 
25.11.1994 40 435 652 
1.10.2021 52 413 1419 
12.6.2002 1 192 962 
11.10.1996 34 412 1807 
20.4.2019 80 165 1173 
3.12.2000 74 364 1770 
21.9.1990 22 283 701 
8.4.1998 37 208 1031 
1.1.2019 100 121 998 
24.9.2006 38 323 981 
9.9.2009 7 249 722 
1.1.1994 35 156 947 
21.1.2005 23 325 1736 
22.11.1992 82 200 1350 
26.7.2004 81 367 1305 
19.6.2002 65 388 1113 
20.4.2009 25 177 1658 
19.7.2006 97 310 556 
22.1.2009 6 153 764 
2.4.2001 45 384 679 
22.12.2002 28 445 1793 
21.6.1994 26 369 1676 
26.10.1992 63 392 619 
27.4.1996 13 132 1426 
28.11.2004 26 351 1036 
22.12.2019 77 461 660 
24.8.2019 37 383 707 
4.3.1996 94 312 1361 
10.10.2006 9 469 1927 
29.7.2007 15 485 1922 
16.6.2001 3 120 1565 
20.8.1993 11 498 1094 
17.4.2004 41 493 1077 
2.6.1992 3 457 662 
11.9.2013 81 432 1237 
8.7.2006 4 470 1406 
11.12.2008 42 450 1388 
6.7.2003 67 158 537 
25.2.2013 100 319 1176 
29.11.1999 98 451 1241 
22.11.2014 29 363 597 
2.7.2010 10 205 1977 
24.1.2021 11 208 1462 
21.3.2019 88 129 1672 
19.9.1990 75 431 1918 
22.3.2020 24 345 1674 
23.8.2010 14 411 651 
26.1.2006 18 440 1089 
27.1.2003 62 242 1956 
13.2.1992 20 352 1965 
17.2.2018 68 124 1872 
13.11.2016 69 199 1665 
22.6.1993 19 131 1199 
25.10.2008 8 391 1042 
22.7.2015 53 208 943 
11.5.2011 32 136 963 
15.10.2002 73 239 1438 
24.1.1996 25 440 699 
25.1.1996 51 207 1321 
2.3.2008 38 445 569 
24.7.1990 17 222 1865 
21.6.2009 77 167 879 
26.6.2007 71 225 567 
7.11.2000 6 431 1150 
12.6.2008 3 242 1909 
3.8.1996 91 176 1203 
30.8.2001 44 310 1907 
6.2.2002 82 217 1880 
19.3.1993 18 490 1346 
19.1.2003 70 297 519 
27.7.1999 52 318 1261 
1.8.2004 61 400 704 
31.6.2006 79 157 1426 
2.7.1997 17 152 1696 
30.10.1995 50 332 1064 
3.4.1990 32 279 1512 
8.8.2011 55 227 984 
4.3.2013 95 238 1554 
15.5.2002 91 268 1054 
18.11.2016 33 328 953 
25.6.2016 70 363 1956 
28.5.2004 63 114 754 
3.8.2021 3 337 1300 
27.6.2002 91 150 1954 
28.2.2006 11 408 1546 
22.1.2017 13 160 1845 
27.11.1992 64 226 1311 
11.5.1994 14 331 751 
5.3.2016 20 141 788 
29.10.1999 4 329 1986 
15.6.2019 74 280 619 
16.9.2013 26 315 1286 
31.3.2003 81 343 1103 
5.10.1995 82 178 1678 
24.11.1994 21 170 1243 
14.8.2003 11 469 603 
30.8.2019 59 199 1571 
13.11.1999 77 339 969 
5.11.2018 48 480 1034 
11.11.2005 53 140 761 
19.7.2002 15 387 1522 
15.2.1996 48 257 924 
3.10.2001 51 396 1397 
15.10.2008 13 394 557 
8.7.2006 73 435 862 
7.2.2009 46 167 991 
7.8.1991 97 180 769 
13.2.2002 16 141 1406 
5.11.2020 20 488 1896 
6.7.2017 65 172 844 
2.9.2001 51 437 633 
28.11.2008 78 357 1914 
15.12.1998 58 153 662 
30.2.1990 11 327 1041 
16.1.2020 12 214 1339 
25.12.2009 45 256 1242 
28.12.2006 80 347 1178 
2.2.1992 11 178 642 
24.11.2017 73 263 1460 
12.4.1996 52 122 1689 
4.6.2009 6 427 1007 
5.12.2002 54 326 1237 
27.11.1992 92 334 1170 
16.7.2011 60 241 1552 
5.2.1994 9 435 1325 
28.7.2018 69 344 910 
27.2.2007 71 104 636 
10.9.1999 49 305 1840 
22.4.2003 28 163 1519 
25.6.1998 29 174 1929 
12.10.2021 9 153 1213 
28.4.2017 90 408 1353 
20.7.2007 57 161 1475 
19.6.1996 98 121 824 
23.11.2009 72 498 734 
20.4.1996 24 446 804 
18.6.2015 7 308 1572 
20.8.1997 86 244 1042 
19.4.2004 25 406 1508 
29.9.1994 38 237 1947 
21.10.2002 2 111 1919 
7.7.1997 54 283 1202 
10.3.2018 39 140 1067 
18.4.2013 32 188 1389 
23.9.2015 40 239 1992 
16.9.2000 60 138 1637 
13.9.2006 78 173 1903 
18.2.2014 57 378 1163 
10.12.1997 50 307 1987 
7.6.2009 29 394 1715 
13.7.1991 23 275 1572 
15.6.2003 99 201 696 
15.4.2003 62 203 685 
14.3.2012 95 406 1596 
15.12.1996 42 262 1421 
13.1.2018 75 319 1590 
9.3.2020 18 245 1329 
4.1.2008 43 215 1786 
25.3.1994 99 156 1560 
5.6.2019 47 166 1167 
18.3.2010 82 164 1957 
24.6.2010 91 212 1233 
25.1.2016 14 443 601 
12.9.2000 77 371 581 
21.3.1999 24 368 1362 
1.9.2010 53 379 1524 
16.11.2000 4 423 1936 
13.10.2013 7 333 1314 
15.11.2020 5 418 659 
30.7.1991 58 134 1402 
19.5.2009 95 320 1162 
8.6.2003 53 424 992 
29.9.1998 41 468 1888 
1.12.2020 67 425 837 
31.1.1990 1 202 593 
5.5.2015 14 442 1409 
3.11.1998 56 213 1406 
7.6.1996 26 462 1427 
9.8.2009 48 383 1402 
7.9.1998 48 235 1577 
12.5.2021 96 302 702 
9.6.2019 7 335 688 
24.10.2014 36 492 1233 
6.12.2018 57 375 887 
12.7.1992 94 349 778 
22.12.1998 47 404 708 
29.10.1991 25 302 596 
12.8.1998 51 352 1340 
10.1.2009 64 311 870 
28.8.2021 21 243 574 
5.12.2018 5 406 599 
24.9.2018 70 309 1906 
17.9.2011 91 306 1558 
20.12.1996 86 446 1265 
23.3.1995 30 235 1217 
2.9.1991 70 470 757 
8.10.1996 21 474 1382 
27.5.2002 100 413 933 
7.9.2018 31 212 1204 
14.9.2004 82 310 1984 
22.7.2006 39 481 953 
4.7.2002 15 429 1897 
17.2.2017 60 468 581 
30.1.2018 75 371 632 
14.8.2007 56 343 950 
14.6.2009 2 476 888 
31.11.2011 47 111 1722 
7.10.2000 36 470 1198 
18.5.2019 31 293 1710 
20.11.2010 50 137 896 
21.1.2003 42 231 694 
23.4.2009 3 461 1968 
9.2.2009 46 469 892 
13.9.1992 97 350 1251 
8.7.2013 99 302 773 
12.10.2010 11 478 1937 
13.3.2000 69 396 1782 
4.5.2018 75 445 730 
10.8.2019 73 353 1131 
2.3.2000 45 110 862 
21.8.2002 23 204 1756 
21.12.2005 80 323 1019 
14.8.2010 41 478 1704 
16.2.2013 1 407 1930 
18.11.1991 55 396 811 
10.8.2013 22 297 1886 
28.12.2012 24 433 1522 
26.3.2012 98 324 1520 
6.3.1998 100 483 1699 
31.3.1998 64 154 828 
1.2.2012 17 426 975 
1.9.2005 44 144 1523 
26.2.1997 52 153 965 
22.9.2013 12 294 1564 
28.4.2017 14 417 1717 
20.4.2004 50 475 762 
30.9.1996 28 458 909 
15.12.2020 71 380 1137 
31.3.1990 8 160 1742 
12.5.2009 64 387 1127 
4.9.2017 76 271 1233 
22.3.2001 81 226 1737 
21.2.2015 26 145 920 
24.1.2012 37 233 706 
3.2.1993 75 368 763 
17.8.2014 20 353 1129 
7.6.2001 88 133 902 
22.5.2001 78 248 909 
6.4.2018 65 173 713 
27.5.2012 67 321 1670 
19.3.1999 81 313 1097 
27.7.2012 68 262 1411 
29.10.2013 86 261 1543 
6.12.2002 76 139 1623 
24.1.1992 52 301 1018 
27.4.1991 70 441 1572 
30.8.1997 94 376 1798 
5.8.1992 30 498 714 
13.5.1993 63 200 1459 
21.3.2014 56 225 1497 
20.3.1996 15 258 1186 
17.3.1998 7 423 1769 
22.12.2013 22 178 1382 
18.11.2021 31 400 1129 
12.9.2007 55 418 1567 
1.6.1994 45 479 1210 
11.4.2003 86 265 914 
10.8.1995 53 132 1309 
31.9.2011 2 155 1826 
23.12.2009 62 311 1002 
25.6.2019 95 177 644 
30.6.1992 2 296 1432 
30.6.1997 7 299 1012 
13.8.1994 54 435 1492 
25.10.2007 66 169 1766 
2.3.1997 81 226 767 
14.1.2003 68 236 1814 
19.11.2005 66 456 873 
28.5.2007 39 233 1497 
31.4.2013 77 290 1795 
31.12.2009 92 418 903 
3.12.1993 47 243 648 
17.9.2010 60 241 1389 
9.4.1994 28 120 775 
10.7.2001 30 447 1094 
15.11.2018 20 407 1496 
4.8.1990 79 430 1715 
29.4.2003 47 125 1777 
12.9.2012 14 220 911 
15.5.2012 18 328 1933 
4.1.2013 1 293 1904 
10.3.2018 30 368 1507 
8.6.2001 21 136 1493 
12.7.2005 71 354 845 
20.5.2006 39 269 1768 
12.3.2005 89 158 707 
27.3.2009 71 242 756 
24.6.2007 81 151 1453 
8.11.2010 5 160 1307 
30.3.2003 15 263 791 
8.3.2005 26 246 967 
23.1.1992 8 481 1744 
27.6.2018 71 274 1956 
21.1.1999 53 342 1565 
21.1.2011 16 122 1413 
4.10.2020 6 451 1986 
23.5.2017 89 451 1924 
29.4.2013 67 165 1006 
16.1.2006 45 414 1584 
8.6.1998 88 149 1411 
25.9.2016 85 403 1949 
18.1.2001 77 211 1366 
9.12.1992 53 343 1241 
6.1.1994 69 397 1674 
20.4.2012 72 215 1302 
27.11.2005 61 368 1052 
1.6.2010 6 358 1578 
27.3.2016 47 477 1658 
11.11.2017 79 478 1901 
20.6.2000 94 320 1983 
19.4.2016 68 167 1441 
21.9.2014 22 407 532 
23.12.2008 20 129 1107 
2.10.2004 71 434 1918 
28.9.1996 32 238 503 
7.8.2014 94 161 1659 
20.5.2006 30 423 531 
31.7.2006 92 280 726 
11.10.2011 72 338 1715 
6.1.2010 99 218 1687 
1.6.2003 100 325 941 
18.7.1995 13 205 1069 
8.4.2006 9 436 1769 
25.4.2001 75 441 1060 
21.12.2000 67 433 582 
30.12.2001 78 444 645 
3.2.2008 40 206 679 
6.11.1994 71 308 812 
30.5.1996 82 337 868 
30.8.1993 51 437 1276 
20.12.1990 84 357 1045 
25.3.1992 19 440 1865 
14.3.1990 70 397 1143 
20.4.1994 10 129 1664 
9.1.2008 37 259 508 
31.12.1993 15 229 1112 
17.9.2015 93 457 1364 
11.6.2002 4 477 1876 
2.10.2010 39 144 1045 
4.6.2000 99 495 605 
24.12.2008 98 151 731 
28.6.2006 84 416 1730 
18.1.2004 63 279 560 
25.5.1993 30 345 1240 
28.12.1998 82 357 1379 
19.11.2006 8 426 1559 
9.5.2009 62 297 602 
17.4.2017 92 361 776 
16.2.2017 9 256 753 
12.1.2015 54 196 914 
20.1.2007 85 259 1843 
23.11.2013 14 257 1188 
28.12.2005 53 335 517 
14.11.2007 59 149 1315 
23.10.2004 74 291 589 
28.11.1992 58 303 1071 
24.1.2004 5 279 563 
20.12.2006 85 485 570 
30.6.2003 91 382 1697 
13.7.1993 29 152 1259 
9.2.2001 71 457 1905 
3.6.1996 67 329 1807 
12.10.2014 69 235 1637 
25.2.2014 37 211 1920 
20.3.2011 14 172 1101 
15.1.1998 25 293 929 
15.11.2003 61 182 1052 
26.5.2021 87 287 637 
13.9.2011 90 234 1319 
1.8.2000 44 161 794 
26.4.2012 61 208 1122 
17.12.2010 82 109 966 
13.11.2010 70 190 1837 
25.3.2011 52 374 1642 
3.3.2017 74 224 1023 
5.6.2003 74 247 1599 
12.6.2017 32 240 1104 
27.5.2020 79 386 1866 
1.1.2014 55 446 1140 
1.8.2018 72 353 1289 
9.8.2008 21 263 912 
16.10.2016 93 240 1152 
29.1.2015 100 425 1664 
24.6.2002 37 118 1244 
14.4.1999 8 310 1632 
12.2.1993 54 378 1835 
17.1.2006 96 479 528 
15.4.2020 5 155 2000 
10.3.1998 44 493 1680 
24.12.1990 85 363 608 
22.11.2004 91 398 1397 
26.6.2006 95 482 834 
7.9.2014 70 487 809 
11.2.2021 65 198 853 
2.1.1991 14 373 591 
31.6.2018 30 115 954 
11.7.1991 25 187 1345 
25.12.1998 27 106 1527 
15.3.2016 65 431 953 
12.1.1996 85 262 944 
5.11.2008 100 310 1004 
30.2.2020 67 384 1235 
3.12.2007 81 417 589 
11.6.1994 20 215 820 
20.2.2004 47 425 885 
22.8.1992 94 495 1447 
10.11.1999 76 486 1717 
15.11.2010 45 361 614 
3.11.2009 96 324 1216 
26.2.2021 25 367 812 
17.4.2009 90 337 982 
23.8.1993 26 460 1925 
17.10.1990 57 138 945 
19.5.2005 96 293 1106 
26.4.2018 41 119 1503 
30.4.2003 14 319 681 
19.12.2011 81 189 621 
1.9.2020 11 348 676 
3.1.1994 82 319 1832 
28.11.1991 40 434 1155 
6.9.2002 29 283 1392 
14.4.2000 65 196 673 
11.6.2012 96 396 1658 
7.11.2006 27 134 602 
23.6.2010 15 373 1329 
23.9.1991 27 417 532 
2.12.2019 62 146 1535 
9.10.1998 88 392 1517 
1.7.2017 30 256 650 
13.8.2018 61 357 1402 
17.4.1997 35 307 1717 
9.10.1990 61 473 1115 
18.12.2016 5 331 1406 
27.5.2005 8 100 1649 
17.1.1998 63 381 770 
23.2.2014 59 394 1194 
28.12.1995 94 255 668 
1.11.2006 6 404 1423 
28.8.1994 92 398 1242 
8.3.2010 37 202 1085 
6.2.1992 63 457 599 
4.1.1995 17 391 1748 
25.11.2017 91 135 1094 
17.12.1990 55 324 691 
15.4.1998 26 219 519 
31.11.2005 100 297 1416 
10.10.1994 96 197 1340 
18.12.2020 99 258 1310 
24.10.1991 4 267 611 
23.3.1997 56 114 1185 
8.10.1993 68 211 873 
15.8.2000 76 459 1823 
24.2.2000 31 294 1062 
13.3.2009 21 151 674 
27.4.2015 37 439 688 
30.2.2014 96 371 1224 
16.12.1994 15 366 681 
26.12.2014 30 199 1733 
17.11.1997 89 156 1387 
5.1.1998 44 455 701 
14.8.2006 81 468 1905 
8.11.2014 1 498 1874 
19.12.2018 39 382 1302 
9.2.2009 41 119 1724 
20.4.2007 40 428 1084 
23.1.2000 21 414 558 
25.8.2006 49 237 1562 
28.9.2003 44 474 1817 
17.11.2013 85 253 1523 
14.4.1999 43 156 1932 
9.7.2020 39 187 956 
6.5.2001 6 373 1738 
13.10.1993 78 181 1373 
6.6.1998 65 109 1560 
17.1.2021 23 468 1816 
8.6.1992 25 400 662 
27.5.2002 95 332 1992 
23.7.1999 90 487 1353 
6.11.2003 8 167 1142 
20.8.2007 69 239 888 
24.12.1994 38 499 827 
7.5.2014 98 472 971 
10.9.1998 92 480 879 
12.10.2016 46 267 1106 
24.1.2009 55 422 901 
23.1.2012 26 442 657 
16.1.2019 59 488 562 
4.4.1994 95 125 1200 
15.5.1997 87 154 1751 
12.5.2021 64 212 1244 
12.8.2014 66 446 1098 
14.3.1993 89 448 1103 
24.7.2014 88 326 1896 
4.3.2002 50 107 1772 
30.3.2012 50 436 825 
14.1.2012 83 450 1368 
19.1.2013 100 292 549 
10.9.2014 3 339 1132 
13.8.1993 23 286 1574 
10.7.1994 65 261 1538 
28.11.2001 67 462 1134 
27.12.1996 68 139 1011 
8.4.2004 2 412 1771 
15.1.1990 12 376 627 
10.2.2010 31 235 1049 
9.3.1997 68 397 868 
31.2.2014 26 157 1078 
10.7.2002 50 326 557 
12.2.2007 88 260 1381 
30.7.2006 56 490 1253 
17.7.2006 4 315 1624 
12.2.2021 68 468 1597 
4.12.1996 19 199 1954 
19.2.1992 52 471 607 
22.1.2010 93 458 1790 
27.6.2015 64 477 1107 
4.7.1991 36 334 1293 
30.2.2020 48 204 1260 
22.5.2010 48 414 889 
13.11.2017 55 105 817 
12.2.2013 23 465 817 
29.3.1998 30 158 1691 
21.9.1990 83 342 1688 
26.6.1996 6 308 1270 
4.11.2016 38 253 1867 
1.8.2011 100 112 1693 
28.7.2016 20 458 663 
4.11.1990 15 373 647 
11.6.2007 40 258 1664 
16.7.1995 26 430 1925 
28.10.2015 79 352 1101 
4.10.2020 10 449 1982 
28.5.2005 76 249 1440 
14.5.1998 55 225 1609 
17.5.2014 20 282 1298 
29.8.1995 33 176 589 
20.2.2006 53 382 1527 
5.6.1998 97 374 1284 
25.1.2008 85 425 1324 
10.9.2002 97 372 1534 
23.2.2017 46 336 926 
8.7.1991 21 390 780 
19.1.2020 57 172 1784 
17.3.1994 97 271 1552 
3.4.2003 41 128 1501 
2.11.2015 47 127 1812 
20.8.2005 65 245 1558 
11.10.2016 54 231 675 
30.4.2005 10 399 812 
20.10.2013 65 335 1247 
15.9.2004 25 343 1208 
23.6.2017 15 285 1035 
19.3.2000 45 321 1429 
23.11.2019 77 257 846 
20.10.2017 27 284 996 
3.12.1999 100 313 1046 
12.7.2003 72 173 1824 
4.12.1999 37 491 1093 
20.8.2020 30 219 503 
22.8.2014 30 193 1637 
5.10.2004 55 338 1696 
9.9.2001 64 147 812 
15.4.2012 24 404 1774 
6.6.1992 17 140 1582 
19.7.2017 45 104 1573 
17.10.2011 57 233 565 
8.1.1994 92 273 1307 
6.8.2009 94 316 1440 
9.2.2003 9 314 1935 
1.12.1999 46 108 1326 
27.7.2002 65 161 1869 
20.5.2009 82 223 1669 
19.7.2010 65 251 933 
16.12.1999 88 177 1131 
2.11.2007 23 262 1935 
10.8.1994 88 251 1329 
5.12.2011 60 176 1267 
18.4.1998 89 473 921 
6.6.2019 16 264 1962 
15.11.1993 29 163 1647 
31.3.1995 82 363 1899 
30.1.2004 15 353 1763 
14.8.2017 95 471 1556 
9.12.1995 71 287 1159 
19.11.1999 36 469 1161 
10.8.1997 80 288 932 
13.5.2006 69 416 1513 
19.9.2019 55 354 1136 
28.5.1990 28 399 1016 
10.5.2007 4 156 1046 
12.10.2001 55 348 659 
13.2.2010 35 181 1954 
15.10.1993 50 441 636 
4.8.2008 98 185 1766 
13.2.1999 96 203 1635 
28.1.2004 46 451 624 
16.3.2014 58 212 1718 
15.9.2015 99 484 573 
9.10.1997 38 271 726 
31.2.2012 73 406 694 
25.2.1997 29 138 536 
2.5.1997 22 417 815 
15.1.2018 26 328 901 
30.12.1993 43 349 547 
28.6.2000 48 305 1597 
19.10.1999 20 451 542 
30.10.2007 20 175 1597 
19.3.2015 11 137 1141 
26.8.2017 26 460 1181 
27.6.2020 61 340 1949 
13.7.2016 21 308 1942 
7.12.2017 15 260 1950 
8.3.2001 49 151 1175 
11.8.2004 100 155 1478 
16.10.2019 69 402 1292 
9.10.1996 62 207 1459 
20.11.2011 7 368 679 
22.3.2015 6 287 1349 
31.10.2007 63 257 1487 
15.1.2001 8 428 686 
18.1.2007 85 344 508 
28.6.2016 37 410 612 
10.11.1991 64 400 1368 
20.10.2021 16 282 1244 
21.9.1992 8 131 1332 
30.6.1998 84 223 1583 
27.1.1996 72 218 1541 
15.9.2005 77 387 745 
28.12.2008 60 393 1585 
27.9.2006 47 300 1396 
21.9.2000 76 350 1242 
9.4.2016 4 308 1508 
27.6.1993 57 324 1800 
25.8.1997 24 222 1783 
30.2.2014 58 408 523 
29.7.2020 64 251 1809 
25.12.2013 88 368 1157 
2.10.1990 69 215 711 
26.5.1991 65 430 1102 
9.1.2007 64 127 1196 
31.9.2010 55 368 1460 
13.10.2005 72 241 1666 
14.2.1993 51 287 672 
13.2.2021 92 316 718 
26.4.2017 56 200 1223 
23.4.2020 76 453 1199 
3.7.2009 100 334 613 
4.6.2011 93 172 1016 
9.1.2011 97 197 1343 
6.2.1990 97 478 1303 
17.8.2017 5 419 1547 
6.8.2011 87 139 1806 
2.10.2006 7 190 885 
24.6.2005 94 189 1997 
17.5.2004 4 237 1884 
24.7.2011 30 106 968 
25.10.1999 94 159 825 
1.11.1998 5 229 729 
12.9.2006 78 458 1504 
7.11.2004 90 236 1113 
29.12.2021 12 234 750 
30.2.2006 56 267 575 
27.12.2007 84 266 681 
3.2.2021 96 432 1813 
13.12.1998 50 267 1587 
22.8.2010 67 332 1053 
10.4.2011 99 263 1512 
24.5.2010 95 489 641 
24.5.2019 83 346 1573 
25.3.2008 29 350 1978 
17.1.2021 88 133 531 
22.4.2002 37 461 1207 
19.5.2008 1 215 1611 
30.7.1992 73 386 1750 
28.10.1997 89 438 1451 
27.11.2013 99 437 678 
14.11.1992 48 383 711 
6.8.1993 25 389 1839 
15.1.2005 28 390 1504 
13.9.2001 81 111 550 
6.4.2009 52 482 1498 
4.6.2021 72 139 843 
29.6.2005 50 473 1432 
25.4.1990 76 253 1312 
6.11.1997 45 211 1451 
21.11.2013 73 423 1696 
25.6.1998 57 493 702 
20.9.1999 63 446 859 
10.1.2002 77 439 1629 
17.11.1997 60 196 1660 
22.8.1993 67 387 1342 
19.8.1992 79 102 1030 
6.12.1992 2 169 1873 
29.6.2019 41 390 1453 
7.2.2010 65 192 621 
2.11.1996 5 312 1120 
8.8.2018 46 200 1168 
3.3.2005 4 163 1468 
5.1.2002 87 340 796 
28.10.1993 28 276 687 
11.9.1995 59 208 807 
18.4.2014 26 326 1014 
24.5.2016 92 375 1372 
18.9.2016 44 158 1431 
18.3.2010 11 264 1902 
10.7.2009 9 308 713 
26.2.2006 82 223 1279 
18.2.2000 50 397 1648 
20.7.2005 98 203 955 
4.1.1995 56 373 1801 
4.7.2018 92 427 1666 
24.2.2009 95 458 1023 
17.3.2002 98 443 1363 
22.7.1990 68 154 1279 
19.9.2021 62 226 1249 
28.5.2002 61 385 1242 
14.7.2001 43 167 1883 
31.5.2011 15 204 1995 
26.6.2002 32 386 732 
4.1.2004 65 378 1963 
29.6.2009 68 325 1090 
15.10.2015 33 203 632 
9.5.2015 50 367 1760 
5.2.2008 28 183 1930 
16.3.1990 100 250 643 
17.7.2000 84 331 1648 
2.7.2015 3 235 1157 
19.4.2015 87 494 1763 
27.8.2000 11 234 504 
26.11.2019 42 380 526 
19.1.1997 74 393 998 
7.10.2017 85 364 1794 
20.10.1997 77 185 1500 
6.12.2014 37 483 1755 
29.8.2000 59 147 768 
23.6.2005 69 116 1585 
27.6.1992 79 387 607 
27.2.2001 84 293 1858 
9.8.2007 96 323 1165 
19.6.2017 88 235 506 
13.4.1996 29 131 589 
11.7.1992 89 420 588 
30.8.2007 90 425 1438 
10.6.1991 60 293 1246 
23.11.2018 83 219 1388 
10.7.1997 46 368 808 
8.6.2002 35 167 1195 
9.10.2015 99 110 989 
26.3.2019 98 182 514 
9.7.1999 41 451 693 
26.1.2020 13 340 1483 
2.6.1995 19 347 1929 
26.2.2009 95 208 540 
19.11.1997 71 243 1977 
29.6.2016 63 142 558 
3.2.2004 44 399 1309 
30.2.1997 100 324 1982 
17.3.2018 61 100 1996 
17.12.2020 94 157 1930 
12.4.2005 27 360 1400 
3.12.2009 61 481 1695 
26.11.2014 75 313 1474 
16.1.1991 94 233 1718 
7.8.2012 91 319 1329 
13.3.2017 80 149 806 
3.2.1993 4 215 1933 
2.5.1999 14 371 1508 
4.5.1994 99 276 533 
7.1.2020 49 406 1419 
26.5.2004 82 317 1087 
27.5.1999 82 379 535 
11.2.2019 76 250 872 
15.10.1992 98 190 1858 
11.8.1992 12 379 1647 
29.6.2011 60 389 1769 
16.4.2017 45 145 1060 
15.10.2001 44 188 1157 
12.11.2014 49 357 998 
23.4.2012 8 112 1282 
10.5.2016 65 251 1078 
2.2.2000 48 234 539 
16.1.2016 59 443 1118 
30.12.1993 86 252 594 
16.10.2004 19 463 957 
18.8.1995 15 453 1207 
12.7.2001 80 444 535 
3.6.2019 39 226 1217 
2.6.1991 89 144 1371 
6.3.2010 16 334 856 
2.6.2004 50 215 1935 
16.3.1991 92 345 1188 
9.7.1999 49 220 1880 
12.4.2021 8 132 904 
18.2.2016 80 420 792 
6.11.2012 72 266 1098 
24.3.2013 45 133 1740 
13.11.1998 24 235 1106 
18.7.1990 47 225 1475 
8.8.2012 45 375 646 
11.5.1994 72 376 698 
13.4.2016 26 461 783 
22.9.2009 26 129 1829 
15.10.2010 70 235 1523 
20.8.2008 42 317 611 
8.9.2017 9 126 637 
29.3.2002 17 429 1247 
31.5.2015 4 228 1504 
27.9.2019 42 126 1845 
25.4.2019 82 101 1274 
8.2.2009 35 444 614 
29.10.2001 33 480 733 
1.4.2013 43 305 1540 
18.8.2000 11 220 1279 
8.6.2018 71 390 1642 
30.3.2001 4 196 1333 
14.9.2019 33 253 1125 
21.12.2020 63 304 1134 
20.8.2006 13 446 1414 
18.6.2017 10 266 713 
2.11.1996 60 264 1093 
30.5.2019 62 399 1608 
28.9.2018 85 320 1580 
6.2.2019 63 151 1905 
15.1.1992 70 135 937 
12.1.2009 94 225 763 
22.7.1995 77 297 1550 
31.6.2016 92 208 1107 
1.11.2015 60 256 1363 
23.3.2006 87 260 634 
2.4.2015 27 391 522 
21.11.2011 54 339 597 
19.4.1990 61 137 618 
10.5.1995 95 188 1818 
7.3.2000 62 211 1021 
21.4.2014 16 115 1890 
23.6.2006 46 396 803 
13.11.2002 86 237 1823 
30.7.2006 40 128 871 
11.6.2006 54 249 1321 
11.8.2014 13 170 1355 
19.12.1990 93 265 1868 
12.5.2020 74 393 1502 
30.12.2008 42 300 1414 
15.4.1995 81 119 1795 
21.10.1991 55 394 719 
12.12.2001 90 482 1197 
18.5.2000 41 500 1623 
21.4.1992 92 446 1614 
17.10.1996 96 120 1797 
10.3.2017 32 101 1897 
15.8.2006 61 276 1847 
7.11.2020 8 368 803 
7.8.1995 48 155 1200 
7.12.2013 77 413 749 
30.2.2019 64 362 823 
30.7.1994 95 167 1793 
23.1.2010 48 199 881 
9.9.2014 71 167 1375 
17.8.2010 81 408 1479 
22.5.2007 29 306 1131 
9.9.2002 95 234 1131 
23.11.1996 31 344 1609 
3.2.1991 19 215 596 
14.12.2005 12 419 1565 
4.5.2021 84 232 563 
17.6.2017 14 328 892 
25.7.2008 97 286 636 
3.9.2009 87 160 1131 
6.5.2006 3 476 1150 
29.7.1998 82 219 564 
22.7.2003 98 477 996 
1.1.2013 44 265 1409 
18.9.2009 78 450 1284 
24.4.1994 38 300 919 
9.10.2019 63 382 1940 
7.1.1990 75 433 1493 
13.3.2018 13 333 1255 
8.1.2017 94 162 603 
18.6.2012 1 261 1957 
30.9.1993 45 178 1811 
31.4.2021 95 249 1402 
16.2.2002 1 147 1335 
7.10.2016 89 275 728 
28.2.2015 96 168 940 
9.10.2001 17 429 827 
30.3.2020 93 425 651 
22.7.2012 22 363 1366 
16.8.2009 91 241 1724 
4.5.1990 99 287 1102 
12.8.2010 35 284 558 
2.4.2008 29 497 1625 
17.4.2018 23 244 1286 
8.8.1991 10 353 1191 
13.3.2016 100 307 1933 
22.9.2012 56 377 533 
6.1.2019 58 276 1679 
6.7.1997 85 299 1692 
20.2.2002 44 320 793 
21.11.2012 91 159 1361 
9.11.2001 70 185 581 
13.3.2017 38 436 1220 
28.8.1992 71 430 998 
24.4.2006 53 365 1855 
7.5.2011 20 456 1370 
31.5.2018 4 407 1533 
29.1.2014 52 106 1724 
2.9.2006 99 335 1402 
12.6.1992 97 359 921 
25.7.2012 23 243 1907 
2.3.1995 55 374 852 
19.9.1995 1 440 1208 
4.8.2020 89 242 1888 
26.2.1996 40 370 1430 
4.3.2005 1 302 1991 
31.5.1999 26 426 1117 
26.3.1996 41 360 845 
20.3.2000 40 214 1803 
11.10.2011 52 309 1554 
21.6.1993 89 374 985 
13.1.2017 62 418 1487 
23.6.2008 33 152 1982 
2.4.1990 84 136 1406 
29.2.2017 3 265 1226 
25.9.1993 38 410 1873 
31.3.2010 27 285 683 
8.9.2002 82 455 1816 
16.3.1992 92 316 792 
9.12.2017 45 123 1454 
2.2.1990 30 289 550 
9.3.2017 48 340 1513 
16.3.1992 86 470 693 
31.10.2013 96 434 1667 
16.7.2003 19 435 1602 
21.5.2021 63 342 947 
14.11.2005 3 177 628 
10.9.2003 4 172 1149 
21.8.1992 60 191 1499 
9.7.2016 88 446 1586 
24.8.2011 50 188 936 
18.11.2019 1 226 1059 
12.4.2008 71 277 1203 
6.10.2002 55 444 1778 
24.6.1992 92 351 1958 
21.1.2006 38 216 1842 
1.2.2013 14 243 1301 
31.8.2014 59 475 549 
17.5.2020 27 182 1428 
15.3.1996 18 460 1638 
30.10.2021 43 393 1603 
9.7.2007 46 474 541 
2.3.1992 30 477 1684 
29.6.2006 63 262 522 
15.8.2009 25 411 1930 
13.9.2006 75 433 511 
7.12.2021 66 342 559 
10.1.1990 19 250 1247 
29.8.2019 88 400 1856 
14.10.2012 48 256 1317 
4.2.2009 99 213 1989 
28.7.2001 49 357 628 
2.2.2006 9 178 1795 
9.7.2006 65 372 610 
14.2.1994 50 268 1726 
30.9.2002 72 343 1541 
24.4.2007 21 187 1963 
11.1.2006 33 293 1824 
15.1.2000 57 227 1432 
22.9.2004 35 281 1199 
27.3.2001 43 397 1495 
15.1.1999 36 334 1459 
26.12.1999 96 287 1865 
31.3.1999 89 428 610 
31.11.1995 97 164 1696 
30.2.2006 56 334 978 
2.1.2016 4 193 786 
29.1.2003 25 257 1116 
23.12.2002 89 379 1392 
10.5.2003 9 428 1319 
16.5.1993 59 310 1566 
4.3.2009 52 243 637 
29.1.2005 59 120 756 
31.10.2018 96 272 1289 
15.1.2011 27 312 1280 
10.6.2015 8 276 1577 
1.8.1990 97 400 550 
7.2.1993 36 472 1996 
8.12.2005 56 313 788 
7.4.2000 94 391 506 
2.8.1995 12 148 1280 
28.2.2014 39 162 799 
11.6.2019 10 123 1242 
9.1.2015 52 151 1964 
11.6.2002 81 374 695 
7.10.2018 32 374 565 
3.12.2017 5 166 1593 
4.1.1997 78 258 575 
27.4.2019 14 112 1721 
10.4.2017 74 181 1695 
10.8.2005 60 291 1345 
27.8.2020 17 227 1410 
8.1.2015 57 351 1956 
12.9.2013 74 497 1206 
30.10.1993 7 450 1930 
17.2.2004 54 406 1437 
20.4.2019 29 456 1425 
23.8.1991 98 194 1152 
4.10.2020 86 153 1822 
5.10.2017 97 234 563 
16.1.2008 85 451 1272 
2.4.2015 46 210 1778 
25.1.1990 94 256 556 
13.8.2002 99 389 1936 
18.5.1990 69 380 1841 
18.11.1991 57 346 1329 
28.10.2018 36 197 1804 
11.9.2007 15 232 1839 
20.6.2006 84 295 1605 
22.9.2004 59 209 1520 
17.3.1993 8 189 1430 
30.11.1994 19 473 766 
12.1.1992 19 496 1047 
20.3.2019 58 174 1273 
12.3.1995 96 112 1380 
9.10.2017 87 131 1524 
3.10.2001 95 498 1017 
5.2.2014 63 276 1372 
21.4.2013 48 162 816 
16.9.2010 91 266 1857 
31.7.2006 19 348 1092 
2.9.2018 1 397 1572 
4.2.2019 59 221 1232 
5.7.2006 99 438 667 
16.7.1995 55 274 1171 
13.7.2017 18 120 1413 
13.9.2007 54 165 1912 
20.7.2014 100 199 1074 
18.7.2016 95 343 1034 
6.3.2009 6 204 1520 
8.3.2018 12 353 1524 
25.11.2018 81 266 1925 
14.2.2003 52 276 1545 
1.1.1991 30 138 614 
4.12.2010 51 374 1956 
16.2.2010 27 440 695 
18.5.2014 12 214 955 
18.7.1992 15 382 1674 
13.3.2008 13 184 662 
1.1.2000 10 342 1753 
12.4.1994 53 425 696 
18.7.2018 100 424 1117 
14.7.2004 22 456 529 
10.7.1990 26 147 1153 
26.5.1996 20 237 532 
29.7.1997 27 402 1794 
19.10.2004 47 396 1135 
1.4.2001 69 328 882 
17.4.2019 71 322 1934 
10.1.2009 62 494 666 
21.1.2001 85 362 1836 
8.3.2016 13 305 1437 
22.6.2015 62 170 1020 
18.6.2000 13 382 1807 
4.4.2018 69 338 1081 
19.7.2001 77 423 513 
31.2.2019 71 190 845 
26.5.2001 74 221 1880 
28.5.1997 88 427 1899 
26.12.2011 38 275 712 
18.12.1991 6 430 1699 
15.2.1993 91 200 1506 
30.3.2018 23 183 1303 
29.7.2007 66 236 1142 
23.12.2011 67 283 1373 
13.3.2000 74 225 634 
27.5.1994 87 364 1795 
4.10.2007 45 117 579 
6.12.2017 64 474 754 
30.1.2012 37 200 1082 
16.7.2014 16 406 1421 
7.7.1994 62 495 1952 
5.9.1997 94 484 628 
8.4.2010 25 157 1053 
24.6.2006 36 248 564 
16.5.1991 53 200 1019 
14.11.2012 1 236 1826 
9.4.2005 26 484 983 
12.7.2002 81 380 1301 
31.3.2015 53 233 1913 
5.4.2007 48 399 941 
5.3.2010 79 482 1737 
4.10.2007 87 162 1253 
30.7.2014 43 165 746 
21.9.2017 57 416 1200 
15.4.2000 44 190 841 
22.9.1995 48 276 1445 
1.10.2021 29 496 834 
15.1.2021 87 321 767 
8.10.2017 23 316 550 
8.6.1992 15 157 628 
4.1.2009 41 415 1867 
24.1.1994 94 323 1577 
21.2.2014 84 433 1557 
9.2.1991 26 287 1049 
6.6.2009 60 225 1484 
13.7.2021 58 421 688 
8.7.2002 44 169 1708 
1.12.2013 11 214 1650 
19.5.2018 9 404 1224 
18.9.1993 56 129 1473 
17.1.2017 25 488 502 
25.1.2006 66 184 1780 
6.2.2014 74 117 686 
8.2.2016 70 318 1636 
11.6.1990 78 192 1686 
26.4.1994 62 108 1408 
30.9.2020 99 334 1733 
9.7.1996 81 478 1119 
24.1.2010 68 164 1233 
24.4.2020 83 262 1422 
27.8.1994 80 472 1908 
23.10.2007 63 122 1666 
18.8.2007 24 215 598 
20.6.1990 68 144 1563 
7.11.1993 9 292 1837 
24.6.2001 63 248 1171 
30.5.1992 48 300 536 
7.5.1992 96 294 1476 
9.12.2005 58 305 1137 
12.7.2004 2 361 1909 
2.9.2013 92 298 1715 
3.3.2001 2 401 1294 
3.10.2021 81 150 1135 
9.6.2012 54 243 792 
23.3.2001 70 450 1459 
26.12.2012 2 370 1273 
15.2.2006 79 423 1477 
21.10.1994 88 375 1952 
25.9.1996 58 134 1499 
20.12.1991 12 164 1489 
16.5.1996 66 345 1114 
14.2.2012 4 121 978 
9.11.2001 26 336 971 
11.7.2003 13 166 1793 
16.9.2017 66 284 1774 
11.3.1994 49 142 956 
16.7.2006 17 327 717 
6.3.2011 6 217 1972 
25.9.2012 25 477 1344 
19.7.2004 45 229 1964 
12.12.2000 21 286 1633 
4.6.1995 26 190 1504 
23.8.2007 21 300 867 
14.1.1994 74 220 1256 
13.3.2001 24 321 1171 
26.11.1998 61 322 1800 
22.4.1999 82 283 674 
29.7.2018 7 223 1936 
9.6.1991 27 180 964 
25.1.2008 43 395 1363 
30.8.2005 23 289 1353 
24.6.2007 36 425 1942 
4.7.1992 86 355 925 
20.12.2006 23 137 1413 
11.1.2021 79 196 1716 
20.2.2009 30 240 1331 
7.11.2017 60 418 1196 
5.2.2015 70 393 1982 
16.7.1996 94 207 1425 
16.2.1990 98 190 1154 
2.11.2001 64 189 1827 
12.9.1997 27 274 1186 
5.3.2021 24 316 1123 
22.1.2003 2 384 792 
18.6.2019 57 449 1001 
15.1.2007 82 206 1064 
6.4.1992 38 245 1307 
16.11.2021 11 462 1208 
16.7.1997 17 454 1808 
16.1.2006 36 344 1776 
1.4.1995 34 377 847 
30.7.2021 84 447 1435 
1.8.2013 54 245 773 
31.2.1991 77 455 1070 
21.5.2013 100 322 1184 
21.11.1991 80 299 1120 
6.8.2010 83 268 1260 
23.8.1994 45 392 1002 
6.8.2005 67 350 1879 
19.10.2017 69 308 1391 
15.7.1991 53 211 727 
24.11.1993 58 317 800 
19.12.2005 17 259 1705 
10.4.1998 9 447 1184 
23.12.2005 9 336 1017 
30.3.2013 20 348 1733 
30.1.2017 78 177 1544 
12.1.1994 22 297 1681 
12.10.2005 99 429 725 
27.1.2013 41 331 800 
2.8.1998 38 226 1742 
19.8.2013 95 153 1559 
6.11.1993 8 379 999 
2.1.2005 95 469 708 
6.7.1999 94 435 974 
8.4.1993 77 399 1791 
30.1.2020 88 427 1371 
10.10.2005 2 235 675 
7.6.2016 42 395 1823 
24.2.2000 22 227 878 
11.9.2001 38 448 1180 
30.9.2006 65 500 1696 
18.8.1995 9 276 521 
1.6.1992 38 239 695 
9.5.2004 9 470 1513 
5.12.2020 47 347 994 
29.2.2018 69 409 1179 
11.12.1999 67 171 1836 
10.12.2007 55 243 534 
8.6.2002 8 301 655 
29.6.1995 79 442 746 
11.7.1991 76 297 1045 
25.6.2009 84 366 1214 
26.12.2015 95 150 1203 
1.2.1994 16 246 1283 
20.12.1997 64 461 1260 
3.7.2015 67 142 1351 
11.10.1999 43 189 1548 
6.3.2005 66 498 1088 
15.10.2021 22 393 1180 
3.2.2013 57 443 620 
3.3.2016 82 108 822 
27.8.2001 59 344 1576 
23.6.2002 58 264 823 
1.1.2007 8 131 1814 
25.11.1991 22 409 1420 
23.8.1993 17 168 602 
7.3.2012 61 429 1615 
20.11.2010 95 421 1790 
24.2.1995 24 433 1946 
17.12.2016 60 160 1808 
4.6.2015 84 146 1122 
31.9.2009 36 171 714 
8.6.2001 98 137 1958 
13.9.1994 94 352 1685 
27.6.2014 39 442 1447 
2.3.1993 18 173 1240 
14.4.1996 80 356 811 
4.3.2011 95 331 905 
6.12.2002 78 305 1912 
8.5.2006 95 359 1326 
25.9.1999 77 407 1287 
28.7.2011 82 492 1907 
28.2.2002 68 101 647 
2.3.2016 60 494 957 
30.1.2004 6 440 1680 
20.6.1999 45 124 662 
12.3.2008 67 447 600 
6.4.2003 43 348 565 
23.4.1996 84 288 1351 
20.12.2021 22 408 1969 
19.3.2015 64 440 550 
14.10.2011 21 286 914 
18.12.2003 98 149 1113 
3.7.1994 45 196 991 
21.3.1990 20 189 1423 
25.7.1998 42 457 1503 
23.2.1995 2 153 993 
4.8.2008 82 385 712 
16.7.2020 39 278 1959 
14.2.2001 58 450 1027 
27.1.2018 68 460 1188 
4.6.1997 48 286 1553 
13.8.2019 44 496 1044 
24.8.2006 17 283 1812 
16.10.1995 38 306 1192 
28.11.2015 11 346 957 
25.1.2020 53 314 1813 
5.4.1991 8 470 1836 
29.3.2014 17 248 944 
13.9.2005 9 442 617 
9.11.2016 75 259 669 
11.3.2005 32 146 1180 
11.12.2008 94 134 1984 
4.5.2012 63 201 1026 
17.10.1992 88 339 1894 
22.8.1995 66 395 1303 
16.10.2010 59 258 1370 
18.2.2012 78 121 1795 
18.9.2005 59 139 1392 
4.8.1995 49 175 931 
19.3.2008 76 341 1677 
9.2.1993 72 431 1147 
1.12.2021 76 416 1496 
8.11.2002 73 331 992 
31.8.2018 81 194 1992 
20.3.2008 73 103 1720 
28.6.1999 34 350 540 
18.5.1995 97 404 1292 
1.7.1999 22 295 1747 
11.8.2014 79 124 912 
9.9.2011 45 106 626 
29.4.1992 31 427 1013 
12.6.2012 100 401 614 
28.4.2000 33 492 1406 
24.1.2017 5 399 1026 
10.5.2015 98 190 1506 
31.8.2010 36 254 796 
4.10.2004 54 321 1588 
28.7.2011 9 438 1793 
23.2.2005 57 381 546 
5.12.1996 62 447 1709 
11.8.1992 9 410 1292 
31.6.1992 68 230 1750 
11.3.2000 47 468 782 
16.5.2014 10 462 765 
23.8.2015 70 326 541 
11.11.2007 78 316 569 
11.6.2009 97 176 1980 
3.3.2004 66 200 917 
22.3.2016 74 471 1328 
20.2.2003 18 200 1831 
13.6.2006 3 148 1028 
28.5.2009 28 145 1066 
26.6.1992 92 385 1720 
21.9.2009 67 131 825 
7.3.1995 40 340 1661 
4.8.1996 29 173 1124 
7.5.2019 5 335 876 
31.11.1994 85 412 605 
26.9.2021 15 275 669 
16.11.2019 83 230 803 
20.2.2020 97 111 1323 
8.9.2019 71 346 1190 
10.5.2002 14 384 1132 
14.12.2015 82 143 881 
12.6.1992 34 416 1386 
28.6.2017 4 291 1054 
2.10.1999 93 446 1617 
4.11.2000 13 403 1059 
24.3.1995 86 334 1805 
19.1.2005 22 431 1218 
8.6.1990 72 368 676 
1.7.1997 35 237 1222 
12.5.2018 26 116 1959 
23.8.2011 73 393 729 
9.10.2003 25 162 976 
12.5.2013 22 133 1744 
12.1.1992 97 402 1735 
29.5.1997 4 145 628 
20.2.2005 89 413 552 
3.6.2014 39 288 1265 
29.7.1995 93 136 1397 
21.9.1991 59 210 1283 
21.3.2016 52 334 1757 
2.3.2019 47 436 707 
17.9.2000 82 219 1942 
27.7.2020 96 183 502 
13.6.1996 69 420 1114 
26.12.1996 16 390 514 
30.3.2007 79 395 684 
25.11.2016 68 189 1056 
5.7.1996 30 337 1559 
12.6.1992 35 142 1268 
12.12.2008 89 383 1417 
11.9.2012 38 363 1781 
1.6.2009 38 351 1072 
1.10.2008 74 369 1547 
4.9.2018 98 385 1920 
25.10.2008 15 388 1219 
13.11.2013 24 290 1743 
16.10.1994 64 327 1762 
26.6.2018 89 122 708 
20.11.2020 70 474 527 
29.11.2000 86 376 996 
6.8.2009 48 463 1394 
16.12.2005 91 473 710 
29.12.2016 89 146 755 
23.12.2019 90 172 778 
6.11.1990 6 479 894 
4.9.2016 71 318 1775 
2.6.2000 79 109 567 
29.8.1992 34 158 1848 
8.4.2005 31 348 1892 
12.7.2007 20 135 1274 
10.4.2018 84 201 575 
23.6.1999 33 243 769 
12.2.1990 20 425 658 
26.7.2001 88 487 1103 
20.11.2003 83 488 982 
11.7.1997 72 465 1147 
21.11.2006 64 295 1545 
1.2.2020 76 413 1056 
12.6.2005 64 384 1492 
15.8.1996 64 155 1276 
7.9.2009 16 452 953 
1.1.2014 75 242 1778 
4.1.2021 100 395 1001 
5.4.1997 89 328 1270 
14.9.1996 69 333 1656 
9.11.2020 92 343 1773 
4.4.2020 9 336 999 
19.12.2009 26 255 1094 
8.9.2003 74 192 1951 
20.9.2001 83 293 1612 
10.9.2014 4 194 636 
24.9.2016 77 454 1771 
8.7.2006 16 243 1717 
24.5.2007 43 354 1910 
15.7.2000 23 410 1861 
3.1.2021 27 112 1872 
22.6.1997 3 274 1315 
15.7.2001 20 304 1584 
7.1.1995 59 339 757 
24.11.2014 4 369 1534 
14.2.1991 46 109 1406 
31.9.1993 83 488 1313 
29.12.2003 80 103 1643 
7.12.1994 75 234 851 
3.2.2017 94 101 898 
12.6.2013 36 164 1861 
19.7.2003 5 378 1687 
23.2.2005 61 439 689 
7.8.2011 76 231 1049 
2.8.2002 89 406 891 
18.1.2020 91 176 909 
14.12.2000 30 204 1244 
10.3.2008 40 329 1439 
4.10.2005 46 297 1720 
23.6.2017 36 420 1930 
16.9.2003 52 243 990 
6.2.2021 22 140 763 
9.3.2001 88 176 653 
22.3.1998 40 180 1192 
30.7.2008 65 311 1884 
26.4.1998 97 362 1996 
18.5.2006 45 157 1366 
18.6.2008 16 318 1393 
2.5.1992 30 133 1592 
1.10.2021 65 370 1919 
24.7.2011 20 443 638 
31.6.2008 78 276 1675 
20.12.1991 28 354 1229 
24.1.2016 5 423 1977 
29.1.2013 57 414 865 
29.3.1994 80 395 997 
23.5.1998 97 330 1320 
7.3.2013 8 313 1461 
22.2.2000 15 292 820 
6.12.2013 78 277 1381 
14.12.2007 26 312 1100 
2.8.1990 99 312 925 
17.11.1992 22 118 927 
21.10.2000 8 425 1509 
15.4.2021 22 364 596 
15.8.2014 2 283 1169 
16.2.2008 19 242 751 
12.5.2012 49 181 1278 
28.2.2019 33 220 978 
17.5.2018 15 292 1892 
25.12.2010 65 371 663 
16.9.2002 5 439 535 
1.10.2011 31 115 664 
20.6.2003 46 395 1375 
14.1.2021 10 185 731 
7.2.2012 35 404 1571 
8.6.1990 61 233 969 
29.12.2020 75 442 768 
6.8.2019 92 411 1729 
25.4.1995 64 248 1817 
23.4.1998 57 118 891 
6.2.2012 19 329 617 
30.6.2018 100 318 1146 
5.9.2020 55 413 1244 
17.3.2008 96 159 1417 
14.4.1995 94 432 750 
12.5.2013 64 213 516 
21.1.1994 9 186 1596 
10.9.1998 89 446 1946 
8.9.2002 45 103 773 
10.11.1990 76 373 1709 
5.6.2006 63 311 1871 
15.7.1990 91 170 1805 
21.6.2009 47 291 1488 
7.9.2009 12 303 571 
28.1.2019 75 265 1747 
18.4.1997 31 482 1716 
10.9.2020 44 276 621 
8.11.1997 82 295 1722 
26.9.1995 30 113 1847 
11.2.2001 77 400 1030 
18.9.2017 77 122 1294 
30.1.2007 87 205 1000 
5.6.1999 15 341 991 
15.2.1996 87 272 1760 
17.7.2018 55 279 1774 
10.4.2015 18 305 1659 
5.7.2016 16 205 785 
15.3.1998 56 487 773 
4.2.2019 8 164 922 
10.12.2003 6 206 577 
3.12.2005 14 189 1634 
7.11.2011 33 401 1399 
3.4.2001 97 318 1892 
28.5.2005 76 141 1994 
26.3.1995 18 464 1195 
24.2.2002 97 265 654 
13.11.2012 98 207 1215 
2.1.2012 42 496 519 
29.11.1996 31 228 1380 
4.9.2000 64 342 1260 
7.7.2013 50 488 1192 
19.6.2005 38 181 1298 
24.4.2002 80 113 1968 
24.7.1990 28 312 1648 
28.5.2012 39 454 1599 
31.6.2000 52 276 1559 
12.1.2018 75 461 1865 
17.11.1991 44 168 1549 
17.4.2012 88 234 1220 
21.3.2017 26 131 1596 
30.11.1994 12 162 1156 
28.6.2012 95 482 1151 
24.7.2003 18 193 1388 
6.8.2009 67 472 1167 
9.2.2021 30 227 516 
18.9.1993 17 468 1320 
5.3.1992 39 235 1845 
23.8.1997 4 229 999 
25.9.1993 81 249 1753 
30.4.1998 20 482 1314 
17.5.2006 60 286 511 
29.7.2015 31 343 775 
29.9.2013 69 108 1581 
30.5.2019 90 273 1822 
21.10.1991 68 186 1720 
16.10.2001 90 400 1971 
27.7.2006 14 363 1386 
24.3.2011 3 293 1838 
24.4.2004 82 309 1806 
22.4.1992 2 191 1092 
28.11.1992 71 150 666 
16.10.2005 85 233 717 
26.7.1995 91 283 1341 
17.3.2018 82 375 1599 
25.11.2014 47 422 1003 
4.10.2001 52 432 911 
17.1.1999 2 256 1559 
4.3.2002 46 458 880 
7.5.1998 84 425 726 
12.12.2003 91 124 1762 
2.8.1998 67 487 878 
10.2.2013 100 200 1529 
23.2.2001 11 297 870 
6.12.1999 4 105 1291 
3.2.2007 6 443 1448 
16.2.1996 24 361 1632 
19.7.1990 6 392 1606 
1.5.1998 59 337 1127 
21.10.2001 74 362 780 
23.6.1996 17 122 1406 
18.10.2016 23 166 1563 
9.11.1999 12 328 1475 
10.5.2017 99 349 1700 
1.7.2020 42 425 1081 
27.7.2000 73 457 1968 
14.4.1998 91 498 1317 
28.5.1993 41 353 1007 
13.9.2021 14 309 1208 
19.12.2003 94 127 995 
13.8.2004 73 183 1097 
18.5.2015 97 381 1326 
29.12.1996 74 279 1087 
12.2.2013 96 348 1344 
15.12.1999 34 434 1210 
25.12.2013 75 390 833 
13.9.2013 59 489 1095 
26.5.2016 35 371 1887 
22.11.2020 31 409 1284 
30.9.2005 91 262 1765 
19.8.2006 86 111 1894 
27.7.2012 39 358 811 
12.8.1994 66 453 526 
10.1.2016 44 460 1163 
18.8.2021 43 453 1439 
4.4.2013 60 462 1548 
31.9.2015 47 144 1365 
17.2.2008 16 108 1285 
16.12.2019 90 359 536 
7.2.1991 36 451 1482 
26.5.2009 59 154 1018 
13.2.2003 11 455 821 
3.10.2016 15 379 1162 
6.7.2010 36 323 762 
30.4.2000 45 496 1018 
13.11.1998 8 444 816 
31.1.2001 56 179 1119 
28.12.1994 58 393 1960 
6.11.1994 33 326 883 
5.12.1995 68 121 1699 
8.6.2000 46 363 1316 
11.7.1996 66 290 1804 
2.2.1998 51 406 1754 
5.4.2021 55 407 643 
16.6.1997 80 195 1032 
1.2.2021 39 361 1826 
5.1.2002 83 174 1359 
31.1.2001 47 418 1015 
21.5.2011 33 271 1394 
23.4.1999 43 364 1470 
29.8.1993 73 404 916 
12.1.2009 48 393 1781 
2.10.2005 53 384 1544 
3.2.1993 31 113 1441 
3.2.2011 13 496 1494 
12.3.1993 68 488 886 
1.11.1996 82 238 1970 
23.11.1997 4 448 1754 
28.9.2018 23 199 849 
10.7.1999 87 338 740 
15.11.2002 10 479 1281 
12.2.2018 84 374 1097 
26.2.2008 31 314 1384 
18.6.2005 1 134 1262 
7.12.1990 66 256 1401 
2.6.2011 31 335 1978 
7.5.2004 89 226 1542 
31.6.1998 3 194 792 
5.5.2002 96 375 1305 
26.12.1995 38 149 1096 
7.9.1998 55 141 911 
9.7.2007 38 422 1414 
2.3.2000 91 461 1954 
12.12.1992 84 173 1694 
18.8.1996 58 212 1131 
25.2.1991 83 136 1750 
28.6.2005 60 384 1662 
10.8.2003 8 433 1932 
20.9.2021 43 150 1764 
20.11.2000 54 236 1999 
16.4.1992 28 491 1686 
6.4.2002 10 218 1834 
18.2.1991 2 405 1753 
12.3.2003 9 279 1662 
29.12.2011 95 488 1116 
30.7.2011 18 312 699 
3.4.2007 54 486 1074 
11.9.2000 81 271 1082 
1.9.2018 37 146 1484 
14.7.1998 25 189 1158 
13.2.1996 99 387 601 
8.7.2021 52 167 1005 
16.1.2007 17 433 1947 
10.1.2012 70 481 544 
26.4.2014 57 480 699 
29.2.2015 90 384 1854 
16.11.2004 95 261 1043 
11.6.2016 48 356 744 
29.2.1995 86 422 795 
20.10.2021 14 271 585 
14.7.1993 71 157 1730 
1.9.2003 67 166 1949 
26.2.1996 92 225 1914 
4.9.2019 43 193 1718 
19.10.2000 80 279 761 
13.8.2002 78 148 952 
17.3.2009 25 243 1727 
5.1.2010 69 205 1441 
30.7.1996 14 285 1725 
29.2.1994 60 264 1436 
6.8.2016 3 145 614 
30.7.2002 45 317 685 
23.1.2001 43 339 1301 
