1.1.2000 38 255 1222 
2.1.2000 38 370 661 
3.1.2000 73 250 891 
4.1.2000 39 403 553 
5.1.2000 36 272 1716 
6.1.2000 74 112 1813 
7.1.2000 4 349 1686 
8.1.2000 30 126 1649 
9.1.2000 68 177 718 
10.1.2000 92 218 992 
11.1.2000 61 239 1067 
12.1.2000 23 375 1499 
13.1.2000 86 264 1429 
14.1.2000 27 335 1270 
15.1.2000 5 250 1432 
16.1.2000 89 217 1135 
17.1.2000 28 264 1974 
18.1.2000 56 387 1315 
19.1.2000 61 115 1326 
20.1.2000 8 315 898 
21.1.2000 1 251 1223 
22.1.2000 82 490 584 
23.1.2000 10 133 759 
24.1.2000 40 183 984 
25.1.2000 43 328 817 
26.1.2000 11 180 1855 
27.1.2000 36 250 1810 
28.1.2000 92 218 1950 
29.1.2000 32 265 1499 
30.1.2000 29 173 1094 
31.1.2000 21 103 927 
1.2.2000 9 380 1266 
2.2.2000 74 162 1745 
3.2.2000 85 392 541 
4.2.2000 78 293 975 
5.2.2000 54 380 1499 
6.2.2000 81 286 1292 
7.2.2000 41 426 1088 
8.2.2000 50 162 1084 
9.2.2000 29 251 1628 
10.2.2000 67 205 844 
11.2.2000 31 435 1751 
12.2.2000 22 209 1317 
13.2.2000 92 249 1565 
14.2.2000 39 101 643 
15.2.2000 80 100 1432 
16.2.2000 64 443 1164 
17.2.2000 74 168 1707 
18.2.2000 95 487 1454 
19.2.2000 96 306 1872 
20.2.2000 95 106 1980 
21.2.2000 14 291 738 
22.2.2000 10 469 1483 
23.2.2000 26 143 1674 
24.2.2000 14 147 1002 
25.2.2000 71 411 735 
26.2.2000 47 390 1168 
27.2.2000 34 153 961 
28.2.2000 73 152 1866 
29.2.2000 36 350 1840 
30.2.2000 33 471 925 
31.2.2000 42 434 655 
1.3.2000 63 327 585 
2.3.2000 32 360 917 
3.3.2000 7 495 1166 
4.3.2000 45 259 696 
5.3.2000 85 173 1073 
6.3.2000 22 223 1347 
7.3.2000 91 306 565 
8.3.2000 82 445 1975 
9.3.2000 13 360 1482 
10.3.2000 43 302 893 
11.3.2000 72 129 1680 
12.3.2000 96 445 650 
13.3.2000 55 472 1347 
14.3.2000 66 174 1973 
15.3.2000 76 397 1135 
16.3.2000 24 459 809 
17.3.2000 27 101 812 
18.3.2000 38 420 971 
19.3.2000 9 217 1382 
20.3.2000 70 346 1586 
21.3.2000 65 150 1172 
22.3.2000 72 417 976 
23.3.2000 90 115 1506 
24.3.2000 46 149 1050 
25.3.2000 83 120 1142 
26.3.2000 91 282 1588 
27.3.2000 76 295 511 
28.3.2000 52 220 701 
29.3.2000 27 200 1928 
30.3.2000 48 195 1424 
31.3.2000 42 369 1865 
1.4.2000 56 155 716 
2.4.2000 55 398 810 
3.4.2000 51 237 795 
4.4.2000 73 359 1271 
5.4.2000 17 174 829 
6.4.2000 1 110 863 
7.4.2000 27 100 785 
8.4.2000 85 478 1366 
9.4.2000 90 308 1771 
10.4.2000 15 182 1333 
11.4.2000 30 462 1982 
12.4.2000 84 202 1737 
13.4.2000 51 282 1855 
14.4.2000 29 137 1575 
15.4.2000 14 323 767 
16.4.2000 28 126 1279 
17.4.2000 62 452 1585 
18.4.2000 28 492 1948 
19.4.2000 34 249 1780 
20.4.2000 49 176 1776 
21.4.2000 77 449 1530 
22.4.2000 80 276 1572 
23.4.2000 1 241 1465 
24.4.2000 34 384 1852 
25.4.2000 17 383 538 
26.4.2000 57 408 811 
27.4.2000 75 339 1503 
28.4.2000 5 101 669 
29.4.2000 4 471 559 
30.4.2000 52 142 1192 
31.4.2000 70 158 1014 
1.5.2000 36 267 1533 
2.5.2000 1 421 716 
3.5.2000 20 355 1240 
4.5.2000 96 152 1335 
5.5.2000 50 251 556 
6.5.2000 52 110 621 
7.5.2000 39 453 1930 
8.5.2000 5 236 1393 
9.5.2000 20 360 901 
10.5.2000 67 143 653 
11.5.2000 71 240 956 
12.5.2000 49 429 1947 
13.5.2000 60 288 1639 
14.5.2000 53 352 1265 
15.5.2000 91 197 738 
16.5.2000 75 176 1838 
17.5.2000 78 304 1331 
18.5.2000 69 426 1035 
19.5.2000 44 218 795 
20.5.2000 53 170 1688 
21.5.2000 53 293 842 
22.5.2000 75 113 623 
23.5.2000 82 354 574 
24.5.2000 28 251 561 
25.5.2000 31 211 728 
26.5.2000 33 314 1250 
27.5.2000 9 370 1977 
28.5.2000 68 444 1576 
29.5.2000 6 131 1038 
30.5.2000 3 237 1100 
31.5.2000 22 138 560 
1.6.2000 91 207 1003 
2.6.2000 76 378 1167 
3.6.2000 50 471 1934 
4.6.2000 81 387 620 
5.6.2000 89 478 1986 
6.6.2000 10 129 1142 
7.6.2000 68 219 1903 
8.6.2000 11 171 707 
9.6.2000 100 431 855 
10.6.2000 27 170 1872 
11.6.2000 97 303 1425 
12.6.2000 49 339 1300 
13.6.2000 33 423 1812 
14.6.2000 82 108 1396 
15.6.2000 44 397 1025 
16.6.2000 16 487 1360 
17.6.2000 60 130 1127 
18.6.2000 17 395 1343 
19.6.2000 66 308 1205 
20.6.2000 53 112 772 
21.6.2000 1 292 1611 
22.6.2000 10 110 1106 
23.6.2000 97 459 1470 
24.6.2000 99 270 1874 
25.6.2000 98 176 1948 
26.6.2000 27 500 1048 
27.6.2000 74 355 1836 
28.6.2000 77 420 1600 
29.6.2000 97 392 1362 
30.6.2000 73 133 1856 
31.6.2000 55 323 1294 
1.7.2000 39 167 1523 
2.7.2000 82 436 1200 
3.7.2000 70 284 567 
4.7.2000 94 139 908 
5.7.2000 45 148 990 
6.7.2000 34 375 1967 
7.7.2000 53 121 1038 
8.7.2000 79 168 1523 
9.7.2000 65 210 623 
10.7.2000 42 233 797 
11.7.2000 29 310 1214 
12.7.2000 97 335 695 
13.7.2000 12 248 934 
14.7.2000 9 306 864 
15.7.2000 67 114 1053 
16.7.2000 91 125 1477 
17.7.2000 100 209 1858 
18.7.2000 44 256 1363 
19.7.2000 30 318 1716 
20.7.2000 98 478 754 
21.7.2000 54 301 847 
22.7.2000 20 282 1113 
23.7.2000 33 167 1683 
24.7.2000 77 327 1458 
25.7.2000 53 183 505 
26.7.2000 45 445 1285 
27.7.2000 58 102 721 
28.7.2000 28 362 1722 
29.7.2000 40 275 639 
30.7.2000 92 207 733 
31.7.2000 69 419 1056 
1.8.2000 67 226 793 
2.8.2000 30 139 1590 
3.8.2000 79 487 825 
4.8.2000 74 406 1586 
5.8.2000 99 316 607 
6.8.2000 42 447 839 
7.8.2000 38 144 1124 
8.8.2000 52 207 1553 
9.8.2000 16 440 1448 
10.8.2000 5 436 501 
11.8.2000 70 405 1745 
12.8.2000 47 412 1029 
13.8.2000 56 314 975 
14.8.2000 69 306 514 
15.8.2000 11 493 1771 
16.8.2000 13 438 860 
17.8.2000 96 255 1219 
18.8.2000 65 400 1087 
19.8.2000 67 381 1768 
20.8.2000 51 267 1550 
21.8.2000 59 253 1483 
22.8.2000 12 174 1061 
23.8.2000 21 139 618 
24.8.2000 96 452 1891 
25.8.2000 33 497 1850 
26.8.2000 77 250 1149 
27.8.2000 46 146 1144 
28.8.2000 73 193 1816 
29.8.2000 47 346 1230 
30.8.2000 93 337 1810 
31.8.2000 57 390 1162 
1.9.2000 95 213 1642 
2.9.2000 29 241 1680 
3.9.2000 2 374 1043 
4.9.2000 24 382 1884 
5.9.2000 90 396 1218 
6.9.2000 28 292 781 
7.9.2000 26 216 1386 
8.9.2000 28 272 1807 
9.9.2000 81 395 1164 
10.9.2000 23 367 806 
11.9.2000 98 333 1363 
12.9.2000 63 394 1507 
13.9.2000 75 434 1663 
14.9.2000 50 201 1333 
15.9.2000 18 230 1658 
16.9.2000 16 130 1700 
17.9.2000 47 268 1437 
18.9.2000 36 410 1843 
19.9.2000 83 423 1712 
20.9.2000 59 480 1579 
21.9.2000 35 239 1469 
22.9.2000 82 235 1898 
23.9.2000 81 357 1229 
24.9.2000 29 455 1340 
25.9.2000 68 385 1004 
26.9.2000 19 246 836 
27.9.2000 66 201 1108 
28.9.2000 28 188 917 
29.9.2000 30 163 1529 
30.9.2000 94 417 566 
31.9.2000 60 319 1126 
1.10.2000 82 192 1614 
2.10.2000 91 430 676 
3.10.2000 43 431 1571 
4.10.2000 75 197 992 
5.10.2000 37 312 836 
6.10.2000 18 436 1049 
7.10.2000 73 374 910 
8.10.2000 28 360 1421 
9.10.2000 72 318 823 
10.10.2000 55 265 1383 
11.10.2000 64 108 1034 
12.10.2000 99 397 1969 
13.10.2000 29 388 1730 
14.10.2000 12 433 1556 
15.10.2000 27 139 1693 
16.10.2000 30 478 1806 
17.10.2000 22 443 788 
18.10.2000 3 245 1199 
19.10.2000 7 191 1459 
20.10.2000 4 300 1342 
21.10.2000 39 154 1751 
22.10.2000 79 453 1710 
23.10.2000 87 398 580 
24.10.2000 15 209 1218 
25.10.2000 75 489 1772 
26.10.2000 75 360 601 
27.10.2000 73 122 1530 
28.10.2000 77 324 1711 
29.10.2000 4 220 1317 
30.10.2000 43 163 1698 
31.10.2000 2 443 891 
1.11.2000 3 151 1271 
2.11.2000 63 193 1902 
3.11.2000 7 171 1719 
4.11.2000 21 254 1480 
5.11.2000 83 174 1977 
6.11.2000 76 438 1616 
7.11.2000 19 212 1406 
8.11.2000 39 446 978 
9.11.2000 66 355 1044 
10.11.2000 93 472 1211 
11.11.2000 29 241 1438 
12.11.2000 31 110 1786 
13.11.2000 33 477 1958 
14.11.2000 34 147 814 
15.11.2000 26 357 1750 
16.11.2000 94 371 773 
17.11.2000 45 354 914 
18.11.2000 54 349 1820 
19.11.2000 86 213 779 
20.11.2000 77 126 1809 
21.11.2000 78 106 1812 
22.11.2000 66 104 1075 
23.11.2000 40 361 605 
24.11.2000 39 327 515 
25.11.2000 11 141 1406 
26.11.2000 57 103 1002 
27.11.2000 85 169 1427 
28.11.2000 43 152 1963 
29.11.2000 8 280 917 
30.11.2000 87 188 1821 
31.11.2000 50 331 1683 
1.12.2000 67 317 1834 
2.12.2000 4 378 1974 
3.12.2000 3 322 901 
4.12.2000 90 117 1505 
5.12.2000 23 422 1939 
6.12.2000 89 347 954 
7.12.2000 52 104 1956 
8.12.2000 90 101 1357 
9.12.2000 40 215 1258 
10.12.2000 89 279 1016 
11.12.2000 64 437 965 
12.12.2000 13 269 558 
13.12.2000 39 405 1545 
14.12.2000 5 162 624 
15.12.2000 13 439 915 
16.12.2000 45 451 1126 
17.12.2000 33 169 1192 
18.12.2000 3 416 1938 
19.12.2000 45 223 1526 
20.12.2000 75 361 976 
21.12.2000 48 488 1018 
22.12.2000 74 346 561 
23.12.2000 60 408 1569 
24.12.2000 15 471 1769 
25.12.2000 9 387 1773 
26.12.2000 85 384 594 
27.12.2000 84 438 899 
28.12.2000 36 121 741 
29.12.2000 38 323 1533 
30.12.2000 32 190 1713 
31.12.2000 18 280 567 
1.1.2001 44 262 1242 
2.1.2001 38 381 710 
3.1.2001 93 124 1988 
4.1.2001 57 392 626 
5.1.2001 54 275 1769 
6.1.2001 31 225 1848 
7.1.2001 8 168 720 
8.1.2001 96 421 1812 
9.1.2001 56 347 1676 
10.1.2001 35 177 840 
11.1.2001 80 186 1869 
12.1.2001 82 332 1421 
13.1.2001 31 284 1576 
14.1.2001 69 166 1278 
15.1.2001 79 472 858 
16.1.2001 31 175 1022 
17.1.2001 24 352 581 
18.1.2001 56 426 562 
19.1.2001 92 272 1057 
20.1.2001 56 480 1337 
21.1.2001 20 154 1754 
22.1.2001 50 444 1685 
23.1.2001 82 441 1406 
24.1.2001 33 500 1257 
25.1.2001 24 415 1857 
26.1.2001 2 139 1381 
27.1.2001 60 213 1496 
28.1.2001 52 211 832 
29.1.2001 44 474 672 
30.1.2001 20 423 1127 
31.1.2001 58 459 1345 
1.2.2001 17 210 929 
2.2.2001 68 421 1116 
3.2.2001 82 177 1317 
4.2.2001 24 136 1204 
5.2.2001 35 202 859 
6.2.2001 20 125 1077 
7.2.2001 44 267 666 
8.2.2001 47 121 539 
9.2.2001 4 462 1961 
10.2.2001 40 266 1295 
11.2.2001 76 391 1712 
12.2.2001 73 355 1306 
13.2.2001 4 173 775 
14.2.2001 42 188 842 
15.2.2001 50 425 1597 
16.2.2001 46 415 953 
17.2.2001 43 271 1868 
18.2.2001 22 153 1750 
19.2.2001 93 251 1011 
20.2.2001 2 141 1328 
21.2.2001 21 153 922 
22.2.2001 10 268 707 
23.2.2001 61 394 1040 
24.2.2001 33 442 791 
25.2.2001 33 178 1575 
26.2.2001 69 212 1323 
27.2.2001 61 235 1939 
28.2.2001 7 226 944 
29.2.2001 12 489 1408 
30.2.2001 63 171 1733 
31.2.2001 81 271 976 
1.3.2001 91 332 1701 
2.3.2001 67 146 1069 
3.3.2001 71 214 1234 
4.3.2001 15 367 1673 
5.3.2001 94 260 1702 
6.3.2001 40 458 1875 
7.3.2001 56 456 1607 
8.3.2001 41 221 1998 
9.3.2001 67 480 1279 
10.3.2001 65 406 1206 
11.3.2001 36 497 1303 
12.3.2001 45 358 1048 
13.3.2001 88 143 1340 
14.3.2001 97 157 1041 
15.3.2001 77 250 1400 
16.3.2001 40 402 1884 
17.3.2001 18 227 1878 
18.3.2001 6 392 1814 
19.3.2001 90 323 1517 
20.3.2001 67 379 509 
21.3.2001 91 258 1041 
22.3.2001 47 261 1696 
23.3.2001 79 369 1891 
24.3.2001 21 439 608 
25.3.2001 99 478 1089 
26.3.2001 38 366 733 
27.3.2001 71 285 1040 
28.3.2001 66 344 872 
29.3.2001 10 112 1862 
30.3.2001 3 275 862 
31.3.2001 49 402 1606 
1.4.2001 85 344 1300 
2.4.2001 83 399 572 
3.4.2001 7 205 1689 
4.4.2001 70 258 1275 
5.4.2001 62 179 1902 
6.4.2001 81 231 1990 
7.4.2001 35 173 1031 
8.4.2001 25 416 1896 
9.4.2001 90 374 921 
10.4.2001 63 495 1759 
11.4.2001 30 356 756 
12.4.2001 88 371 1734 
13.4.2001 39 112 1533 
14.4.2001 62 253 765 
15.4.2001 35 494 894 
16.4.2001 55 496 634 
17.4.2001 50 344 896 
18.4.2001 61 418 749 
19.4.2001 53 488 1318 
20.4.2001 56 172 547 
21.4.2001 33 360 939 
22.4.2001 36 103 663 
23.4.2001 87 214 1053 
24.4.2001 32 404 1151 
25.4.2001 62 300 1532 
26.4.2001 75 429 532 
27.4.2001 55 204 1899 
28.4.2001 97 323 1925 
29.4.2001 93 359 1769 
30.4.2001 35 497 991 
31.4.2001 97 417 1918 
1.5.2001 12 360 1716 
2.5.2001 7 200 853 
3.5.2001 89 238 691 
4.5.2001 62 105 778 
5.5.2001 72 365 1049 
6.5.2001 37 186 1803 
7.5.2001 36 324 789 
8.5.2001 6 101 1097 
9.5.2001 60 459 1139 
10.5.2001 39 217 615 
11.5.2001 82 123 1780 
12.5.2001 56 427 752 
13.5.2001 74 250 1401 
14.5.2001 33 284 1495 
15.5.2001 90 344 1528 
16.5.2001 19 275 925 
17.5.2001 40 364 1457 
18.5.2001 26 126 1076 
19.5.2001 18 499 799 
20.5.2001 100 266 1172 
21.5.2001 63 241 1862 
22.5.2001 53 359 1549 
23.5.2001 53 274 877 
24.5.2001 79 225 755 
25.5.2001 22 316 623 
26.5.2001 49 347 1673 
27.5.2001 10 282 869 
28.5.2001 95 198 1454 
29.5.2001 74 164 559 
30.5.2001 24 337 1640 
31.5.2001 1 194 975 
1.6.2001 21 393 904 
2.6.2001 23 349 735 
3.6.2001 12 333 1986 
4.6.2001 91 209 867 
5.6.2001 86 248 1003 
6.6.2001 72 400 1252 
7.6.2001 23 360 1781 
8.6.2001 63 444 1923 
9.6.2001 36 208 913 
10.6.2001 29 190 979 
11.6.2001 39 406 1000 
12.6.2001 53 337 758 
13.6.2001 68 247 1312 
14.6.2001 74 216 1515 
15.6.2001 57 444 1513 
16.6.2001 73 428 1293 
17.6.2001 22 229 1787 
18.6.2001 29 330 688 
19.6.2001 11 246 538 
20.6.2001 97 230 544 
21.6.2001 21 175 1508 
22.6.2001 83 283 1099 
23.6.2001 5 299 1565 
24.6.2001 100 408 1887 
25.6.2001 98 157 1024 
26.6.2001 34 190 1690 
27.6.2001 9 320 1495 
28.6.2001 79 438 670 
29.6.2001 39 177 1224 
30.6.2001 86 207 1567 
31.6.2001 50 481 1205 
1.7.2001 19 316 1638 
2.7.2001 8 431 880 
3.7.2001 80 500 1750 
4.7.2001 77 190 1685 
5.7.2001 25 121 1237 
6.7.2001 100 211 1456 
7.7.2001 32 447 1528 
8.7.2001 79 409 1451 
9.7.2001 5 328 1405 
10.7.2001 46 476 1898 
11.7.2001 38 456 1770 
12.7.2001 93 254 1635 
13.7.2001 76 327 1427 
14.7.2001 20 120 1785 
15.7.2001 8 260 1658 
16.7.2001 39 210 1221 
17.7.2001 52 232 1651 
18.7.2001 9 410 1192 
19.7.2001 14 211 1635 
20.7.2001 81 301 1680 
21.7.2001 85 326 720 
22.7.2001 76 269 1227 
23.7.2001 91 324 1581 
24.7.2001 50 466 1836 
25.7.2001 85 169 1693 
26.7.2001 41 294 730 
27.7.2001 22 367 1724 
28.7.2001 71 313 1746 
29.7.2001 81 431 816 
30.7.2001 50 210 576 
31.7.2001 85 419 1531 
1.8.2001 87 185 1681 
2.8.2001 99 134 1901 
3.8.2001 17 247 1122 
4.8.2001 36 443 1470 
5.8.2001 44 229 1474 
6.8.2001 15 222 816 
7.8.2001 74 272 1244 
8.8.2001 63 329 780 
9.8.2001 28 213 1848 
10.8.2001 47 337 749 
11.8.2001 13 231 1520 
12.8.2001 91 276 871 
13.8.2001 88 123 1641 
14.8.2001 71 241 859 
15.8.2001 31 205 1041 
16.8.2001 11 169 603 
17.8.2001 48 163 1457 
18.8.2001 95 327 1140 
19.8.2001 75 315 663 
20.8.2001 70 218 891 
21.8.2001 83 244 1688 
22.8.2001 37 141 1178 
23.8.2001 25 317 1002 
24.8.2001 11 400 849 
25.8.2001 86 381 777 
26.8.2001 35 418 797 
27.8.2001 29 273 1504 
28.8.2001 50 159 1349 
29.8.2001 39 148 1112 
30.8.2001 93 170 535 
31.8.2001 89 479 1797 
1.9.2001 50 303 1825 
2.9.2001 36 285 563 
3.9.2001 24 149 1075 
4.9.2001 61 462 1378 
5.9.2001 32 297 641 
6.9.2001 89 393 700 
7.9.2001 83 149 877 
8.9.2001 86 223 1287 
9.9.2001 87 163 844 
10.9.2001 52 214 780 
11.9.2001 27 175 981 
12.9.2001 55 157 1933 
13.9.2001 35 324 1407 
14.9.2001 47 277 1325 
15.9.2001 24 431 756 
16.9.2001 81 214 2000 
17.9.2001 95 210 1112 
18.9.2001 85 432 1123 
19.9.2001 18 344 518 
20.9.2001 51 382 1238 
21.9.2001 70 284 1664 
22.9.2001 57 198 1417 
23.9.2001 76 136 1940 
24.9.2001 93 458 1707 
25.9.2001 21 226 872 
26.9.2001 97 162 1835 
27.9.2001 79 153 974 
28.9.2001 40 338 1354 
29.9.2001 94 305 1179 
30.9.2001 32 174 1266 
31.9.2001 26 386 1335 
1.10.2001 30 315 1422 
2.10.2001 26 492 989 
3.10.2001 44 157 1173 
4.10.2001 75 424 1509 
5.10.2001 27 190 1084 
6.10.2001 62 381 1395 
7.10.2001 98 294 1480 
8.10.2001 12 351 1595 
9.10.2001 58 436 770 
10.10.2001 49 241 1073 
11.10.2001 19 388 1760 
12.10.2001 8 423 1299 
13.10.2001 45 416 1137 
14.10.2001 88 144 835 
15.10.2001 51 429 813 
16.10.2001 9 145 967 
17.10.2001 7 183 1823 
18.10.2001 91 246 566 
19.10.2001 37 226 1514 
20.10.2001 60 393 705 
21.10.2001 43 275 919 
22.10.2001 65 343 884 
23.10.2001 6 138 629 
24.10.2001 24 148 1134 
25.10.2001 63 304 852 
26.10.2001 51 298 545 
27.10.2001 22 225 1731 
28.10.2001 87 297 1499 
29.10.2001 54 124 688 
30.10.2001 99 181 1090 
31.10.2001 10 169 667 
1.11.2001 12 121 1313 
2.11.2001 49 337 1842 
3.11.2001 72 236 1548 
4.11.2001 47 213 706 
5.11.2001 74 297 1323 
6.11.2001 35 321 785 
7.11.2001 1 372 735 
8.11.2001 82 141 1657 
9.11.2001 95 229 559 
10.11.2001 90 376 1281 
11.11.2001 69 165 866 
12.11.2001 58 298 915 
13.11.2001 47 211 1590 
14.11.2001 57 196 1969 
15.11.2001 22 405 857 
16.11.2001 30 287 1886 
17.11.2001 54 109 1094 
18.11.2001 38 116 1204 
19.11.2001 71 220 1253 
20.11.2001 57 146 1422 
21.11.2001 60 427 565 
22.11.2001 18 217 1949 
23.11.2001 37 263 911 
24.11.2001 86 452 944 
25.11.2001 82 165 615 
26.11.2001 9 238 886 
27.11.2001 49 488 1813 
28.11.2001 40 197 1860 
29.11.2001 27 147 1386 
30.11.2001 5 117 1680 
31.11.2001 2 154 1646 
1.12.2001 40 277 871 
2.12.2001 15 424 1133 
3.12.2001 58 239 1169 
4.12.2001 44 341 1849 
5.12.2001 60 100 1780 
6.12.2001 53 222 786 
7.12.2001 36 218 767 
8.12.2001 15 202 1885 
9.12.2001 39 266 1515 
10.12.2001 89 245 1924 
11.12.2001 39 301 1959 
12.12.2001 17 102 1061 
13.12.2001 1 338 1672 
14.12.2001 43 154 612 
15.12.2001 25 305 674 
16.12.2001 20 119 1219 
17.12.2001 69 438 527 
18.12.2001 6 447 1546 
19.12.2001 88 236 1085 
20.12.2001 76 167 1964 
21.12.2001 47 211 1854 
22.12.2001 44 384 1408 
23.12.2001 34 338 1961 
24.12.2001 45 299 612 
25.12.2001 84 181 1142 
26.12.2001 45 479 1040 
27.12.2001 39 179 1487 
28.12.2001 25 414 1061 
29.12.2001 70 205 653 
30.12.2001 63 288 1700 
31.12.2001 61 294 771 
1.1.2002 41 497 787 
2.1.2002 68 451 1426 
3.1.2002 19 310 866 
4.1.2002 9 403 1975 
5.1.2002 45 202 1655 
6.1.2002 88 192 1652 
7.1.2002 20 372 979 
8.1.2002 92 105 1685 
9.1.2002 23 236 631 
10.1.2002 27 489 1709 
11.1.2002 21 337 666 
12.1.2002 75 262 664 
13.1.2002 4 238 1576 
14.1.2002 31 400 525 
15.1.2002 41 271 903 
16.1.2002 80 302 786 
17.1.2002 78 445 760 
18.1.2002 24 158 1343 
19.1.2002 28 342 1360 
20.1.2002 91 299 1373 
21.1.2002 38 152 1922 
22.1.2002 7 430 812 
23.1.2002 65 366 535 
24.1.2002 66 292 755 
25.1.2002 7 168 1282 
26.1.2002 41 145 1063 
27.1.2002 1 425 1569 
28.1.2002 32 289 1279 
29.1.2002 29 460 954 
30.1.2002 81 471 1896 
31.1.2002 50 235 978 
1.2.2002 84 336 1450 
2.2.2002 34 324 685 
3.2.2002 13 318 897 
4.2.2002 11 291 542 
5.2.2002 7 451 1783 
6.2.2002 61 198 1834 
7.2.2002 5 303 821 
8.2.2002 83 326 1870 
9.2.2002 57 431 1663 
10.2.2002 81 137 1048 
11.2.2002 81 337 1419 
12.2.2002 2 267 558 
13.2.2002 65 274 1805 
14.2.2002 49 142 1347 
15.2.2002 77 255 1441 
16.2.2002 77 368 1806 
17.2.2002 33 138 1354 
18.2.2002 51 210 1592 
19.2.2002 36 122 533 
20.2.2002 65 349 1818 
21.2.2002 87 239 1180 
22.2.2002 71 118 1622 
23.2.2002 57 383 1015 
24.2.2002 60 153 1621 
25.2.2002 28 103 854 
26.2.2002 57 154 1963 
27.2.2002 49 180 821 
28.2.2002 59 155 911 
29.2.2002 28 240 1761 
30.2.2002 77 415 1422 
31.2.2002 38 383 1001 
1.3.2002 85 108 878 
2.3.2002 95 461 1989 
3.3.2002 12 396 721 
4.3.2002 43 385 1060 
5.3.2002 12 214 789 
6.3.2002 30 342 916 
7.3.2002 30 449 1814 
8.3.2002 9 451 1610 
9.3.2002 71 258 1587 
10.3.2002 61 320 1522 
11.3.2002 44 225 606 
12.3.2002 31 327 680 
13.3.2002 89 244 1697 
14.3.2002 26 123 1092 
15.3.2002 93 200 776 
16.3.2002 18 278 1342 
17.3.2002 9 354 742 
18.3.2002 48 151 1967 
19.3.2002 57 167 554 
20.3.2002 12 488 1465 
21.3.2002 90 167 1533 
22.3.2002 29 327 1754 
23.3.2002 56 209 697 
24.3.2002 96 212 735 
25.3.2002 26 243 701 
26.3.2002 34 473 1859 
27.3.2002 27 226 1770 
28.3.2002 70 305 1474 
29.3.2002 97 204 1089 
30.3.2002 76 340 860 
31.3.2002 65 118 1478 
1.4.2002 63 426 1232 
2.4.2002 63 451 1409 
3.4.2002 66 384 937 
4.4.2002 71 226 1565 
5.4.2002 73 425 1443 
6.4.2002 37 323 1479 
7.4.2002 60 109 911 
8.4.2002 2 498 1913 
9.4.2002 49 325 1025 
10.4.2002 63 259 852 
11.4.2002 14 500 1746 
12.4.2002 54 245 1724 
13.4.2002 62 369 1274 
14.4.2002 43 319 1682 
15.4.2002 92 446 1774 
16.4.2002 99 128 1574 
17.4.2002 70 171 881 
18.4.2002 29 236 1868 
19.4.2002 17 381 1690 
20.4.2002 49 218 1541 
21.4.2002 58 472 783 
22.4.2002 63 404 1699 
23.4.2002 53 362 897 
24.4.2002 84 105 1293 
25.4.2002 10 295 1603 
26.4.2002 93 469 1572 
27.4.2002 1 361 784 
28.4.2002 47 402 1295 
29.4.2002 53 112 826 
30.4.2002 49 463 755 
31.4.2002 81 257 1576 
1.5.2002 81 165 634 
2.5.2002 27 414 1066 
3.5.2002 80 142 1431 
4.5.2002 19 304 1838 
5.5.2002 38 257 1964 
6.5.2002 96 267 635 
7.5.2002 4 498 1945 
8.5.2002 55 375 1714 
9.5.2002 82 132 1312 
10.5.2002 32 115 1031 
11.5.2002 1 412 1598 
12.5.2002 82 482 1211 
13.5.2002 82 453 1778 
14.5.2002 99 455 691 
15.5.2002 74 232 1381 
16.5.2002 40 374 991 
17.5.2002 90 186 1956 
18.5.2002 23 182 720 
19.5.2002 81 397 1165 
20.5.2002 7 272 815 
21.5.2002 43 364 1834 
22.5.2002 36 193 792 
23.5.2002 7 382 726 
24.5.2002 19 326 1000 
25.5.2002 37 287 1981 
26.5.2002 97 384 1660 
27.5.2002 20 228 1948 
28.5.2002 87 482 1739 
29.5.2002 89 137 1525 
30.5.2002 78 378 1658 
31.5.2002 44 300 602 
1.6.2002 91 351 788 
2.6.2002 72 228 1799 
3.6.2002 68 487 1022 
4.6.2002 58 383 1268 
5.6.2002 5 142 1023 
6.6.2002 22 357 1111 
7.6.2002 55 309 758 
8.6.2002 97 448 1743 
9.6.2002 59 346 1893 
10.6.2002 22 322 690 
11.6.2002 77 166 1006 
12.6.2002 28 474 1927 
13.6.2002 35 138 979 
14.6.2002 69 431 1278 
15.6.2002 88 176 1657 
16.6.2002 60 321 1586 
17.6.2002 8 438 1662 
18.6.2002 80 273 1042 
19.6.2002 31 415 556 
20.6.2002 76 464 748 
21.6.2002 4 264 1951 
22.6.2002 70 314 1287 
23.6.2002 48 251 952 
24.6.2002 29 160 1518 
25.6.2002 98 276 1298 
26.6.2002 31 492 1905 
27.6.2002 51 411 659 
28.6.2002 31 163 1978 
29.6.2002 96 248 1515 
30.6.2002 54 416 674 
31.6.2002 79 423 575 
1.7.2002 79 264 522 
2.7.2002 1 292 1952 
3.7.2002 3 422 1294 
4.7.2002 27 140 1141 
5.7.2002 46 417 1565 
6.7.2002 38 262 964 
7.7.2002 80 140 1242 
8.7.2002 41 428 954 
9.7.2002 53 148 1525 
10.7.2002 31 483 1504 
11.7.2002 4 376 639 
12.7.2002 44 104 1912 
13.7.2002 7 190 994 
14.7.2002 11 476 832 
15.7.2002 72 281 851 
16.7.2002 44 163 1691 
17.7.2002 38 207 509 
18.7.2002 62 435 759 
19.7.2002 50 123 1989 
20.7.2002 72 479 1634 
21.7.2002 26 140 960 
22.7.2002 100 167 1768 
23.7.2002 26 494 1405 
24.7.2002 18 446 723 
25.7.2002 65 494 1177 
26.7.2002 44 107 1352 
27.7.2002 50 429 1940 
28.7.2002 10 340 668 
29.7.2002 64 360 1066 
30.7.2002 86 314 1425 
31.7.2002 6 314 1220 
1.8.2002 90 218 733 
2.8.2002 86 282 1260 
3.8.2002 35 294 1531 
4.8.2002 52 370 1946 
5.8.2002 73 432 606 
6.8.2002 100 461 770 
7.8.2002 40 345 1146 
8.8.2002 16 208 1644 
9.8.2002 23 101 933 
10.8.2002 75 224 870 
11.8.2002 84 402 872 
12.8.2002 85 121 1951 
13.8.2002 59 242 745 
14.8.2002 66 408 1672 
15.8.2002 95 361 1749 
16.8.2002 28 435 577 
17.8.2002 45 291 784 
18.8.2002 16 314 1649 
19.8.2002 34 425 550 
20.8.2002 12 170 1037 
21.8.2002 91 465 1514 
22.8.2002 27 289 1653 
23.8.2002 85 183 703 
24.8.2002 99 304 674 
25.8.2002 51 278 1672 
26.8.2002 36 430 601 
27.8.2002 2 157 1480 
28.8.2002 52 110 1932 
29.8.2002 57 154 1358 
30.8.2002 30 459 1554 
31.8.2002 98 206 630 
1.9.2002 92 150 1874 
2.9.2002 78 358 1145 
3.9.2002 96 250 1074 
4.9.2002 84 314 1598 
5.9.2002 47 220 1076 
6.9.2002 34 388 981 
7.9.2002 71 365 1114 
8.9.2002 67 367 1193 
9.9.2002 11 113 1210 
10.9.2002 89 366 1661 
11.9.2002 37 149 1228 
12.9.2002 4 441 1373 
13.9.2002 28 491 839 
14.9.2002 17 328 823 
15.9.2002 9 461 1308 
16.9.2002 59 282 1855 
17.9.2002 1 404 1685 
18.9.2002 68 493 1759 
19.9.2002 63 477 1417 
20.9.2002 49 255 760 
21.9.2002 69 126 952 
22.9.2002 62 110 1398 
23.9.2002 27 326 940 
24.9.2002 24 452 907 
25.9.2002 91 395 1924 
26.9.2002 43 289 1576 
27.9.2002 14 306 1007 
28.9.2002 78 361 1710 
29.9.2002 34 475 1454 
30.9.2002 74 233 1359 
31.9.2002 17 320 1189 
1.10.2002 87 171 1738 
2.10.2002 55 340 771 
3.10.2002 84 203 1438 
4.10.2002 21 328 1405 
5.10.2002 65 130 1808 
6.10.2002 70 194 1456 
7.10.2002 79 396 1505 
8.10.2002 94 495 839 
9.10.2002 30 167 720 
10.10.2002 18 145 1322 
11.10.2002 74 283 1913 
12.10.2002 24 103 1639 
13.10.2002 68 355 1860 
14.10.2002 87 235 1683 
15.10.2002 84 135 1699 
16.10.2002 14 139 1117 
17.10.2002 100 270 1877 
18.10.2002 18 299 1918 
19.10.2002 44 236 861 
20.10.2002 16 436 1751 
21.10.2002 37 372 1597 
22.10.2002 7 281 824 
23.10.2002 82 286 1701 
24.10.2002 58 307 1231 
25.10.2002 65 449 1988 
26.10.2002 6 302 761 
27.10.2002 43 208 1033 
28.10.2002 16 389 910 
29.10.2002 57 431 702 
30.10.2002 83 376 1548 
31.10.2002 22 400 1561 
1.11.2002 96 229 990 
2.11.2002 4 396 767 
3.11.2002 43 184 1340 
4.11.2002 35 385 818 
5.11.2002 49 282 1531 
6.11.2002 14 323 507 
7.11.2002 1 127 800 
8.11.2002 31 480 1554 
9.11.2002 59 113 1352 
10.11.2002 1 141 1011 
11.11.2002 35 184 1328 
12.11.2002 79 351 979 
13.11.2002 69 476 1149 
14.11.2002 67 469 715 
15.11.2002 70 416 1886 
16.11.2002 66 231 932 
17.11.2002 92 495 1186 
18.11.2002 39 162 1869 
19.11.2002 44 112 1120 
20.11.2002 69 164 864 
21.11.2002 27 474 979 
22.11.2002 28 377 1363 
23.11.2002 98 410 1048 
24.11.2002 79 188 1998 
25.11.2002 98 313 725 
26.11.2002 49 184 1454 
27.11.2002 24 139 1934 
28.11.2002 12 128 1934 
29.11.2002 78 434 1115 
30.11.2002 49 276 595 
31.11.2002 45 245 1501 
1.12.2002 30 311 683 
2.12.2002 38 171 1904 
3.12.2002 64 289 1012 
4.12.2002 35 382 872 
5.12.2002 27 251 1310 
6.12.2002 48 278 971 
7.12.2002 38 489 1985 
8.12.2002 68 466 1999 
9.12.2002 92 273 934 
10.12.2002 97 199 712 
11.12.2002 40 482 1786 
12.12.2002 61 471 1411 
13.12.2002 60 393 1494 
14.12.2002 39 482 744 
15.12.2002 71 438 1928 
16.12.2002 38 389 886 
17.12.2002 41 213 1049 
18.12.2002 5 333 1802 
19.12.2002 83 411 1346 
20.12.2002 32 289 896 
21.12.2002 76 240 1302 
22.12.2002 88 295 1319 
23.12.2002 56 197 1298 
24.12.2002 37 403 686 
25.12.2002 33 109 1801 
26.12.2002 40 308 612 
27.12.2002 2 202 1345 
28.12.2002 54 350 916 
29.12.2002 20 387 1975 
30.12.2002 49 167 1362 
31.12.2002 50 316 1707 
1.1.2003 77 219 774 
2.1.2003 20 350 1334 
3.1.2003 27 143 1282 
4.1.2003 20 386 757 
5.1.2003 4 108 745 
6.1.2003 35 285 1521 
7.1.2003 80 452 513 
8.1.2003 65 295 513 
9.1.2003 86 123 749 
10.1.2003 16 382 1646 
11.1.2003 44 365 839 
12.1.2003 91 162 1141 
13.1.2003 35 317 908 
14.1.2003 61 122 1354 
15.1.2003 12 302 1132 
16.1.2003 50 499 1129 
17.1.2003 74 287 1409 
18.1.2003 52 343 1607 
19.1.2003 49 465 1057 
20.1.2003 46 337 1662 
21.1.2003 70 242 1096 
22.1.2003 73 132 1484 
23.1.2003 82 357 796 
24.1.2003 19 221 524 
25.1.2003 20 411 1100 
26.1.2003 23 424 1367 
27.1.2003 75 496 1323 
28.1.2003 25 495 1989 
29.1.2003 82 330 1429 
30.1.2003 35 354 1032 
31.1.2003 18 263 1820 
1.2.2003 75 123 1210 
2.2.2003 43 366 1581 
3.2.2003 96 230 1864 
4.2.2003 73 458 992 
5.2.2003 85 231 1770 
6.2.2003 63 174 540 
7.2.2003 45 191 1642 
8.2.2003 42 452 539 
9.2.2003 44 264 1548 
10.2.2003 29 373 1368 
11.2.2003 6 413 621 
12.2.2003 55 286 1305 
13.2.2003 53 279 1169 
14.2.2003 7 271 1695 
15.2.2003 91 319 1875 
16.2.2003 80 211 1609 
17.2.2003 85 104 1739 
18.2.2003 84 391 1937 
19.2.2003 93 101 825 
20.2.2003 4 257 585 
21.2.2003 83 302 716 
22.2.2003 30 395 895 
23.2.2003 76 415 555 
24.2.2003 67 413 1593 
25.2.2003 72 387 1541 
26.2.2003 100 483 1579 
27.2.2003 23 439 1937 
28.2.2003 51 381 1325 
29.2.2003 53 409 1125 
30.2.2003 69 221 1002 
31.2.2003 29 448 975 
1.3.2003 12 370 675 
2.3.2003 65 468 1393 
3.3.2003 57 107 1467 
4.3.2003 8 252 1339 
5.3.2003 15 350 746 
6.3.2003 97 352 1721 
7.3.2003 36 335 942 
8.3.2003 96 423 870 
9.3.2003 25 464 889 
10.3.2003 37 196 592 
11.3.2003 93 394 941 
12.3.2003 52 229 1182 
13.3.2003 13 474 1284 
14.3.2003 37 439 1440 
15.3.2003 88 241 1620 
16.3.2003 68 349 1174 
17.3.2003 25 101 1423 
18.3.2003 31 426 905 
19.3.2003 84 345 1316 
20.3.2003 99 427 1285 
21.3.2003 24 396 1466 
22.3.2003 93 216 1658 
23.3.2003 79 200 1798 
24.3.2003 50 500 1095 
25.3.2003 51 490 707 
26.3.2003 35 409 705 
27.3.2003 69 414 984 
28.3.2003 30 459 1402 
29.3.2003 2 392 1962 
30.3.2003 16 285 630 
31.3.2003 67 264 1562 
1.4.2003 42 217 1435 
2.4.2003 100 477 648 
3.4.2003 46 127 1224 
4.4.2003 44 185 783 
5.4.2003 88 318 822 
6.4.2003 32 388 1926 
7.4.2003 64 407 1847 
8.4.2003 33 367 1334 
9.4.2003 85 244 1281 
10.4.2003 22 343 1080 
11.4.2003 22 420 557 
12.4.2003 58 435 1140 
13.4.2003 45 377 1059 
14.4.2003 8 158 548 
15.4.2003 43 261 1199 
16.4.2003 63 179 846 
17.4.2003 63 306 1479 
18.4.2003 93 399 1504 
19.4.2003 37 215 762 
20.4.2003 21 109 1249 
21.4.2003 72 454 742 
22.4.2003 3 202 1694 
23.4.2003 92 161 862 
24.4.2003 96 160 1501 
25.4.2003 45 141 1892 
26.4.2003 75 298 662 
27.4.2003 30 458 1345 
28.4.2003 86 439 953 
29.4.2003 73 375 1705 
30.4.2003 31 200 1386 
31.4.2003 38 298 1160 
1.5.2003 84 239 931 
2.5.2003 1 375 1720 
3.5.2003 50 146 779 
4.5.2003 84 465 1242 
5.5.2003 17 235 1269 
6.5.2003 64 166 778 
7.5.2003 68 361 1602 
8.5.2003 63 165 1959 
9.5.2003 27 206 1877 
10.5.2003 55 269 781 
11.5.2003 47 176 945 
12.5.2003 74 440 1628 
13.5.2003 48 343 1690 
14.5.2003 6 201 1514 
15.5.2003 53 403 882 
16.5.2003 55 312 861 
17.5.2003 46 337 694 
18.5.2003 60 268 1479 
19.5.2003 6 390 761 
20.5.2003 7 221 1405 
21.5.2003 1 100 1922 
22.5.2003 2 432 1721 
23.5.2003 84 331 1382 
24.5.2003 96 176 1536 
25.5.2003 99 105 1811 
26.5.2003 89 246 1918 
27.5.2003 43 224 513 
28.5.2003 36 421 754 
29.5.2003 37 181 1371 
30.5.2003 28 413 525 
31.5.2003 16 202 1854 
1.6.2003 56 320 752 
2.6.2003 19 362 914 
3.6.2003 56 132 673 
4.6.2003 32 186 1887 
5.6.2003 81 209 1140 
6.6.2003 83 116 1570 
7.6.2003 36 296 1743 
8.6.2003 20 249 1666 
9.6.2003 92 364 1719 
10.6.2003 86 498 1773 
11.6.2003 62 248 1503 
12.6.2003 50 157 1738 
13.6.2003 82 428 884 
14.6.2003 46 195 1794 
15.6.2003 14 396 1495 
16.6.2003 26 259 1217 
17.6.2003 29 140 1260 
18.6.2003 99 277 1652 
19.6.2003 16 263 583 
20.6.2003 85 495 1282 
21.6.2003 55 354 1729 
22.6.2003 94 442 1405 
23.6.2003 73 450 1923 
24.6.2003 50 184 1041 
25.6.2003 40 116 1536 
26.6.2003 44 357 730 
27.6.2003 26 285 947 
28.6.2003 18 123 1749 
29.6.2003 89 110 976 
30.6.2003 16 324 1591 
31.6.2003 4 418 954 
1.7.2003 36 413 1441 
2.7.2003 38 406 585 
3.7.2003 30 161 1887 
4.7.2003 68 268 1276 
5.7.2003 24 307 1721 
6.7.2003 50 307 1783 
7.7.2003 59 107 1407 
8.7.2003 16 375 891 
9.7.2003 98 115 1143 
10.7.2003 38 210 1008 
11.7.2003 54 162 1522 
12.7.2003 58 477 1021 
13.7.2003 42 262 1908 
14.7.2003 88 448 1870 
15.7.2003 96 435 970 
16.7.2003 44 450 855 
17.7.2003 96 450 1022 
18.7.2003 74 450 736 
19.7.2003 1 183 784 
20.7.2003 40 186 1317 
21.7.2003 23 456 1154 
22.7.2003 71 481 1522 
23.7.2003 61 326 997 
24.7.2003 43 130 519 
25.7.2003 47 444 1351 
26.7.2003 15 381 879 
27.7.2003 6 273 1652 
28.7.2003 44 160 1270 
29.7.2003 3 395 1497 
30.7.2003 11 164 1331 
31.7.2003 41 130 1030 
1.8.2003 87 322 1673 
2.8.2003 5 108 1318 
3.8.2003 74 454 761 
4.8.2003 20 171 671 
5.8.2003 50 139 1287 
6.8.2003 63 257 997 
7.8.2003 60 383 1236 
8.8.2003 21 410 1502 
9.8.2003 22 430 1902 
10.8.2003 81 406 930 
11.8.2003 2 412 1163 
12.8.2003 8 303 1853 
13.8.2003 60 323 812 
14.8.2003 21 301 896 
15.8.2003 89 163 1663 
16.8.2003 15 494 970 
17.8.2003 40 451 1691 
18.8.2003 83 379 1309 
19.8.2003 28 223 904 
20.8.2003 53 174 962 
21.8.2003 10 120 1217 
22.8.2003 72 465 1622 
23.8.2003 99 479 632 
24.8.2003 99 343 1604 
25.8.2003 97 402 1083 
26.8.2003 82 150 953 
27.8.2003 53 407 1643 
28.8.2003 56 474 1598 
29.8.2003 79 364 1385 
30.8.2003 21 386 1177 
31.8.2003 78 340 1015 
1.9.2003 74 160 932 
2.9.2003 66 369 876 
3.9.2003 20 211 1312 
4.9.2003 55 358 963 
5.9.2003 13 498 1235 
6.9.2003 30 183 1137 
7.9.2003 70 347 1305 
8.9.2003 23 445 743 
9.9.2003 34 480 900 
10.9.2003 40 332 1806 
11.9.2003 8 169 1620 
12.9.2003 5 291 1728 
13.9.2003 19 226 1670 
14.9.2003 40 105 1099 
15.9.2003 43 393 680 
16.9.2003 13 188 1815 
17.9.2003 58 438 1472 
18.9.2003 45 188 548 
19.9.2003 29 238 1710 
20.9.2003 64 426 1313 
21.9.2003 83 339 1593 
22.9.2003 56 249 916 
23.9.2003 47 388 1244 
24.9.2003 82 237 1411 
25.9.2003 75 309 728 
26.9.2003 29 189 1932 
27.9.2003 44 354 976 
28.9.2003 71 112 1663 
29.9.2003 20 428 1577 
30.9.2003 100 143 1808 
31.9.2003 16 304 1251 
1.10.2003 99 361 1756 
2.10.2003 39 429 501 
3.10.2003 6 364 1701 
4.10.2003 25 125 1557 
5.10.2003 67 404 643 
6.10.2003 26 490 1713 
7.10.2003 39 465 1004 
8.10.2003 50 269 1212 
9.10.2003 8 312 730 
10.10.2003 85 219 1671 
11.10.2003 33 198 932 
12.10.2003 13 270 1585 
13.10.2003 57 445 1451 
14.10.2003 32 427 1943 
15.10.2003 95 257 1374 
16.10.2003 38 319 1985 
17.10.2003 74 159 1475 
18.10.2003 53 144 1818 
19.10.2003 29 137 1654 
20.10.2003 29 381 1860 
21.10.2003 27 187 1666 
22.10.2003 61 372 588 
23.10.2003 64 355 1321 
24.10.2003 75 295 749 
25.10.2003 5 371 759 
26.10.2003 45 463 1592 
27.10.2003 31 154 1924 
28.10.2003 7 258 1275 
29.10.2003 45 420 721 
30.10.2003 48 293 1927 
31.10.2003 83 496 1651 
1.11.2003 6 343 856 
2.11.2003 31 391 1423 
3.11.2003 75 313 1610 
4.11.2003 37 151 586 
5.11.2003 76 468 660 
6.11.2003 25 349 1559 
7.11.2003 84 383 1421 
8.11.2003 34 180 1690 
9.11.2003 71 163 1517 
10.11.2003 47 297 1693 
11.11.2003 38 259 1540 
12.11.2003 2 194 1675 
13.11.2003 66 142 1809 
14.11.2003 82 265 1686 
15.11.2003 45 221 1397 
16.11.2003 71 102 954 
17.11.2003 13 388 635 
18.11.2003 1 243 1173 
19.11.2003 2 384 1625 
20.11.2003 48 461 1518 
21.11.2003 90 420 1136 
22.11.2003 54 195 1980 
23.11.2003 13 427 1339 
24.11.2003 77 184 1187 
25.11.2003 26 424 1121 
26.11.2003 64 356 1256 
27.11.2003 84 353 795 
28.11.2003 55 494 1845 
29.11.2003 9 297 1299 
30.11.2003 55 495 1524 
31.11.2003 1 460 856 
1.12.2003 23 387 609 
2.12.2003 60 446 1223 
3.12.2003 14 342 1799 
4.12.2003 33 345 867 
5.12.2003 26 279 1248 
6.12.2003 23 205 1024 
7.12.2003 99 114 1490 
8.12.2003 55 128 1535 
9.12.2003 54 105 1341 
10.12.2003 60 160 1288 
11.12.2003 7 357 1461 
12.12.2003 73 356 921 
13.12.2003 98 173 617 
14.12.2003 3 148 522 
15.12.2003 71 168 1685 
16.12.2003 71 441 1904 
17.12.2003 38 464 830 
18.12.2003 58 180 1809 
19.12.2003 14 340 1541 
20.12.2003 49 329 965 
21.12.2003 75 200 1006 
22.12.2003 67 265 954 
23.12.2003 72 260 1054 
24.12.2003 63 239 1439 
25.12.2003 91 380 749 
26.12.2003 86 197 1930 
27.12.2003 87 290 1179 
28.12.2003 96 208 509 
29.12.2003 31 204 968 
30.12.2003 61 150 857 
31.12.2003 20 316 1312 
1.1.2004 66 358 1801 
2.1.2004 24 174 1090 
3.1.2004 4 202 531 
4.1.2004 38 255 1613 
5.1.2004 55 311 1300 
6.1.2004 25 223 1788 
7.1.2004 8 125 514 
8.1.2004 24 381 1711 
9.1.2004 76 110 897 
10.1.2004 48 488 1243 
11.1.2004 9 423 1775 
12.1.2004 89 216 814 
13.1.2004 29 499 1356 
14.1.2004 69 421 1559 
15.1.2004 71 472 1316 
16.1.2004 26 257 1481 
17.1.2004 34 253 1291 
18.1.2004 2 304 1214 
19.1.2004 32 143 688 
20.1.2004 2 439 1770 
21.1.2004 83 290 1469 
22.1.2004 31 387 566 
23.1.2004 14 301 1120 
24.1.2004 70 106 1097 
25.1.2004 77 226 1612 
26.1.2004 40 372 1498 
27.1.2004 58 102 863 
28.1.2004 30 129 729 
29.1.2004 25 292 1446 
30.1.2004 26 422 604 
31.1.2004 87 262 1161 
1.2.2004 53 151 1359 
2.2.2004 88 255 877 
3.2.2004 87 220 1186 
4.2.2004 24 163 1035 
5.2.2004 83 245 1816 
6.2.2004 78 223 1488 
7.2.2004 59 319 1029 
8.2.2004 42 150 702 
9.2.2004 49 305 1004 
10.2.2004 23 253 884 
11.2.2004 69 122 1381 
12.2.2004 82 337 1446 
13.2.2004 31 321 634 
14.2.2004 92 344 1890 
15.2.2004 73 303 1201 
16.2.2004 63 133 1240 
17.2.2004 50 270 796 
18.2.2004 91 269 1454 
19.2.2004 6 170 1965 
20.2.2004 86 456 1052 
21.2.2004 71 322 1985 
22.2.2004 66 258 1275 
23.2.2004 2 487 1192 
24.2.2004 14 178 1488 
25.2.2004 74 311 643 
26.2.2004 12 286 947 
27.2.2004 41 304 1142 
28.2.2004 16 485 1646 
29.2.2004 91 239 954 
30.2.2004 84 136 1495 
31.2.2004 43 123 1489 
1.3.2004 94 418 1511 
2.3.2004 55 108 1822 
3.3.2004 53 243 1310 
4.3.2004 100 410 1949 
5.3.2004 35 348 884 
6.3.2004 23 161 660 
7.3.2004 4 178 584 
8.3.2004 67 279 1124 
9.3.2004 32 397 1497 
10.3.2004 71 172 1883 
11.3.2004 1 294 1063 
12.3.2004 35 299 538 
13.3.2004 51 423 1883 
14.3.2004 43 424 1550 
15.3.2004 61 134 1102 
16.3.2004 8 257 916 
17.3.2004 6 419 1181 
18.3.2004 84 415 786 
19.3.2004 95 172 1236 
20.3.2004 63 366 1668 
21.3.2004 27 191 1110 
22.3.2004 40 185 1888 
23.3.2004 19 285 1068 
24.3.2004 59 166 845 
25.3.2004 9 489 535 
26.3.2004 88 216 979 
27.3.2004 45 231 1155 
28.3.2004 26 155 1808 
29.3.2004 82 153 1145 
30.3.2004 63 386 1150 
31.3.2004 9 401 1192 
1.4.2004 45 270 1163 
2.4.2004 57 395 1710 
3.4.2004 44 427 1835 
4.4.2004 28 324 1325 
5.4.2004 31 237 670 
6.4.2004 75 490 1548 
7.4.2004 45 260 536 
8.4.2004 79 235 586 
9.4.2004 37 199 1657 
10.4.2004 61 492 845 
11.4.2004 49 142 679 
12.4.2004 76 349 1873 
13.4.2004 66 316 689 
14.4.2004 8 159 1049 
15.4.2004 35 405 1998 
16.4.2004 62 275 1206 
17.4.2004 36 474 1911 
18.4.2004 100 285 502 
19.4.2004 45 371 1587 
20.4.2004 40 123 1264 
21.4.2004 44 400 1632 
22.4.2004 33 194 1809 
23.4.2004 48 419 1913 
24.4.2004 52 102 1948 
25.4.2004 70 396 1910 
26.4.2004 90 314 1990 
27.4.2004 21 465 1801 
28.4.2004 55 309 762 
29.4.2004 1 190 1478 
30.4.2004 5 489 2000 
31.4.2004 82 477 1125 
1.5.2004 90 176 858 
2.5.2004 12 160 642 
3.5.2004 22 239 1175 
4.5.2004 62 168 1147 
5.5.2004 59 480 716 
6.5.2004 28 353 766 
7.5.2004 98 288 1334 
8.5.2004 71 464 1251 
9.5.2004 52 455 1961 
10.5.2004 26 105 1422 
11.5.2004 60 464 1887 
12.5.2004 89 342 1512 
13.5.2004 44 472 1209 
14.5.2004 30 437 530 
15.5.2004 14 309 861 
16.5.2004 10 104 553 
17.5.2004 89 275 768 
18.5.2004 26 296 939 
19.5.2004 68 106 1292 
20.5.2004 8 476 1021 
21.5.2004 23 233 1646 
22.5.2004 18 468 1909 
23.5.2004 7 422 794 
24.5.2004 67 186 1565 
25.5.2004 97 147 625 
26.5.2004 25 196 1205 
27.5.2004 74 326 1566 
28.5.2004 66 476 561 
29.5.2004 11 449 1602 
30.5.2004 82 332 1849 
31.5.2004 66 165 1883 
1.6.2004 49 375 646 
2.6.2004 84 478 849 
3.6.2004 38 133 612 
4.6.2004 66 328 1230 
5.6.2004 84 400 1574 
6.6.2004 82 325 1825 
7.6.2004 21 331 1795 
8.6.2004 13 476 1755 
9.6.2004 37 280 809 
10.6.2004 62 194 581 
11.6.2004 41 292 894 
12.6.2004 35 454 1823 
13.6.2004 61 426 1246 
14.6.2004 79 283 904 
15.6.2004 22 418 858 
16.6.2004 62 287 831 
17.6.2004 78 297 659 
18.6.2004 72 325 1424 
19.6.2004 63 154 776 
20.6.2004 48 205 713 
21.6.2004 82 196 1323 
22.6.2004 17 493 901 
23.6.2004 87 295 1768 
24.6.2004 71 306 959 
25.6.2004 99 185 1043 
26.6.2004 56 242 680 
27.6.2004 100 233 1910 
28.6.2004 48 174 1587 
29.6.2004 18 381 772 
30.6.2004 45 496 1961 
31.6.2004 20 458 1512 
1.7.2004 6 365 1421 
2.7.2004 78 191 995 
3.7.2004 28 436 1243 
4.7.2004 16 214 1081 
5.7.2004 40 147 1504 
6.7.2004 38 291 1915 
7.7.2004 76 200 1389 
8.7.2004 66 400 767 
9.7.2004 83 341 771 
10.7.2004 93 162 1228 
11.7.2004 40 413 512 
12.7.2004 19 145 1344 
13.7.2004 44 247 749 
14.7.2004 45 441 550 
15.7.2004 17 160 1170 
16.7.2004 86 123 1710 
17.7.2004 79 436 700 
18.7.2004 66 427 1400 
19.7.2004 81 458 635 
20.7.2004 97 166 616 
21.7.2004 87 390 679 
22.7.2004 75 339 563 
23.7.2004 62 343 689 
24.7.2004 100 249 562 
25.7.2004 43 114 1175 
26.7.2004 56 182 1240 
27.7.2004 52 279 1299 
28.7.2004 64 439 1472 
29.7.2004 26 347 1681 
30.7.2004 39 182 1732 
31.7.2004 90 498 1901 
1.8.2004 18 424 1699 
2.8.2004 50 306 835 
3.8.2004 88 406 1312 
4.8.2004 78 463 1930 
5.8.2004 2 357 1875 
6.8.2004 7 345 702 
7.8.2004 23 191 618 
8.8.2004 73 236 1866 
9.8.2004 90 201 1963 
10.8.2004 83 335 1488 
11.8.2004 47 373 1784 
12.8.2004 82 198 547 
13.8.2004 45 386 1238 
14.8.2004 39 382 824 
15.8.2004 62 411 838 
16.8.2004 50 488 557 
17.8.2004 12 111 739 
18.8.2004 42 497 1519 
19.8.2004 37 336 624 
20.8.2004 31 339 1222 
21.8.2004 73 405 933 
22.8.2004 61 105 1126 
23.8.2004 46 387 814 
24.8.2004 97 200 518 
25.8.2004 7 435 970 
26.8.2004 1 497 1084 
27.8.2004 29 415 1343 
28.8.2004 67 405 1472 
29.8.2004 97 377 1887 
30.8.2004 39 414 1602 
31.8.2004 88 391 1939 
1.9.2004 84 238 1905 
2.9.2004 43 119 722 
3.9.2004 75 142 1663 
4.9.2004 51 327 1950 
5.9.2004 42 328 1294 
6.9.2004 45 215 1045 
7.9.2004 23 382 921 
8.9.2004 54 160 1866 
9.9.2004 91 165 1655 
10.9.2004 18 441 1019 
11.9.2004 95 145 912 
12.9.2004 84 138 1783 
13.9.2004 33 159 555 
14.9.2004 17 243 742 
15.9.2004 11 241 1124 
16.9.2004 62 161 1411 
17.9.2004 67 484 1337 
18.9.2004 30 233 1763 
19.9.2004 46 240 1013 
20.9.2004 36 440 1695 
21.9.2004 13 386 1920 
22.9.2004 3 222 1261 
23.9.2004 71 126 1369 
24.9.2004 79 111 1054 
25.9.2004 88 234 1020 
26.9.2004 76 244 1247 
27.9.2004 42 184 1532 
28.9.2004 14 396 1514 
29.9.2004 34 217 1796 
30.9.2004 9 183 719 
31.9.2004 88 138 822 
1.10.2004 37 339 673 
2.10.2004 41 145 1784 
3.10.2004 87 437 737 
4.10.2004 69 185 1530 
5.10.2004 5 195 1457 
6.10.2004 87 183 1776 
7.10.2004 67 469 648 
8.10.2004 87 463 682 
9.10.2004 46 150 532 
10.10.2004 69 312 1872 
11.10.2004 32 136 2000 
12.10.2004 92 379 533 
13.10.2004 12 472 889 
14.10.2004 55 422 687 
15.10.2004 44 358 1570 
16.10.2004 85 303 1315 
17.10.2004 87 265 569 
18.10.2004 14 139 1365 
19.10.2004 92 499 1750 
20.10.2004 16 292 1173 
21.10.2004 18 238 1277 
22.10.2004 90 476 1059 
23.10.2004 90 168 821 
24.10.2004 53 451 557 
25.10.2004 53 236 1768 
26.10.2004 98 202 1224 
27.10.2004 4 254 1341 
28.10.2004 82 200 1440 
29.10.2004 88 442 895 
30.10.2004 3 303 1990 
31.10.2004 85 183 1108 
1.11.2004 38 152 820 
2.11.2004 33 219 1442 
3.11.2004 1 388 841 
4.11.2004 18 113 1372 
5.11.2004 49 388 1717 
6.11.2004 29 282 1682 
7.11.2004 90 269 1107 
8.11.2004 88 290 982 
9.11.2004 17 242 1540 
10.11.2004 13 470 563 
11.11.2004 50 294 990 
12.11.2004 47 106 1292 
13.11.2004 10 253 1350 
14.11.2004 57 427 1162 
15.11.2004 26 393 1365 
16.11.2004 2 176 1052 
17.11.2004 10 162 1826 
18.11.2004 25 132 1888 
19.11.2004 64 393 1219 
20.11.2004 38 339 1927 
21.11.2004 17 276 1149 
22.11.2004 47 401 826 
23.11.2004 98 194 1523 
24.11.2004 30 267 598 
25.11.2004 72 340 656 
26.11.2004 43 407 890 
27.11.2004 21 251 1035 
28.11.2004 52 396 754 
29.11.2004 78 153 1534 
30.11.2004 65 333 929 
31.11.2004 67 304 969 
1.12.2004 15 382 1068 
2.12.2004 20 368 1634 
3.12.2004 94 416 942 
4.12.2004 44 217 724 
5.12.2004 96 206 1672 
6.12.2004 24 284 1866 
7.12.2004 76 219 1893 
8.12.2004 3 201 1809 
9.12.2004 61 346 660 
10.12.2004 71 345 1482 
11.12.2004 67 257 1193 
12.12.2004 95 156 860 
13.12.2004 29 110 531 
14.12.2004 15 286 1371 
15.12.2004 26 254 1705 
16.12.2004 38 291 745 
17.12.2004 8 386 1598 
18.12.2004 56 194 1345 
19.12.2004 1 156 1391 
20.12.2004 31 312 685 
21.12.2004 98 231 1416 
22.12.2004 42 488 886 
23.12.2004 23 163 591 
24.12.2004 71 305 535 
25.12.2004 50 303 652 
26.12.2004 90 248 1277 
27.12.2004 38 162 750 
28.12.2004 47 110 1926 
29.12.2004 97 114 1971 
30.12.2004 10 197 1075 
31.12.2004 49 394 1419 
1.1.2005 31 327 1017 
2.1.2005 17 481 1658 
3.1.2005 4 291 718 
4.1.2005 12 351 1850 
5.1.2005 36 166 1145 
6.1.2005 72 250 1921 
7.1.2005 37 366 1786 
8.1.2005 60 173 1165 
9.1.2005 95 334 1446 
10.1.2005 61 248 1868 
11.1.2005 68 466 552 
12.1.2005 79 239 1398 
13.1.2005 73 130 1723 
14.1.2005 68 326 849 
15.1.2005 69 193 1280 
16.1.2005 16 386 1426 
17.1.2005 19 303 564 
18.1.2005 77 380 1565 
19.1.2005 30 161 652 
20.1.2005 39 255 894 
21.1.2005 51 175 1615 
22.1.2005 84 445 532 
23.1.2005 67 269 511 
24.1.2005 84 391 1209 
25.1.2005 87 131 1324 
26.1.2005 17 294 1784 
27.1.2005 89 383 683 
28.1.2005 75 384 1584 
29.1.2005 75 153 1436 
30.1.2005 67 322 514 
31.1.2005 14 423 1162 
1.2.2005 52 113 1065 
2.2.2005 43 222 1196 
3.2.2005 30 344 1406 
4.2.2005 31 264 1520 
5.2.2005 63 100 1722 
6.2.2005 37 449 1320 
7.2.2005 40 485 1832 
8.2.2005 10 268 1475 
9.2.2005 52 212 1271 
10.2.2005 52 391 571 
11.2.2005 20 292 1480 
12.2.2005 75 411 609 
13.2.2005 35 461 1897 
14.2.2005 85 151 591 
15.2.2005 47 497 1342 
16.2.2005 52 288 1680 
17.2.2005 24 193 978 
18.2.2005 63 146 1833 
19.2.2005 32 155 1153 
20.2.2005 42 443 1444 
21.2.2005 35 396 818 
22.2.2005 63 146 586 
23.2.2005 97 342 699 
24.2.2005 52 214 1403 
25.2.2005 54 193 1967 
26.2.2005 79 242 1652 
27.2.2005 16 142 1035 
28.2.2005 37 157 999 
29.2.2005 39 186 748 
30.2.2005 34 269 1784 
31.2.2005 11 200 558 
1.3.2005 29 206 1973 
2.3.2005 59 193 1366 
3.3.2005 96 454 1322 
4.3.2005 35 182 1616 
5.3.2005 68 247 1470 
6.3.2005 7 116 977 
7.3.2005 5 497 1099 
8.3.2005 4 288 1275 
9.3.2005 80 112 882 
10.3.2005 5 191 620 
11.3.2005 47 169 1135 
12.3.2005 4 331 1912 
13.3.2005 42 332 757 
14.3.2005 46 131 739 
15.3.2005 39 337 1123 
16.3.2005 19 227 779 
17.3.2005 10 266 955 
18.3.2005 3 421 1144 
19.3.2005 81 275 1005 
20.3.2005 27 293 1597 
21.3.2005 66 235 508 
22.3.2005 39 424 826 
23.3.2005 43 423 561 
24.3.2005 58 121 606 
25.3.2005 1 211 743 
26.3.2005 96 190 910 
27.3.2005 65 138 1175 
28.3.2005 62 413 1364 
29.3.2005 83 392 799 
30.3.2005 69 107 970 
31.3.2005 26 141 591 
1.4.2005 69 207 1778 
2.4.2005 60 283 632 
3.4.2005 49 277 1492 
4.4.2005 63 174 1220 
5.4.2005 70 205 796 
6.4.2005 52 292 1264 
7.4.2005 75 469 1404 
8.4.2005 30 155 1793 
9.4.2005 56 390 684 
10.4.2005 57 107 1289 
11.4.2005 12 430 740 
12.4.2005 53 333 1590 
13.4.2005 94 454 1738 
14.4.2005 28 498 571 
15.4.2005 46 263 558 
16.4.2005 1 111 843 
17.4.2005 22 378 1349 
18.4.2005 93 419 1570 
19.4.2005 3 433 1323 
20.4.2005 88 111 854 
21.4.2005 59 372 1184 
22.4.2005 59 338 1884 
23.4.2005 97 498 792 
24.4.2005 52 344 1132 
25.4.2005 69 425 1833 
26.4.2005 89 254 817 
27.4.2005 90 278 538 
28.4.2005 51 180 1277 
29.4.2005 19 156 1506 
30.4.2005 32 323 1174 
31.4.2005 1 409 1833 
1.5.2005 91 340 1103 
2.5.2005 24 380 757 
3.5.2005 33 138 825 
4.5.2005 70 370 886 
5.5.2005 29 381 1738 
6.5.2005 86 192 1288 
7.5.2005 28 427 1001 
8.5.2005 35 436 929 
9.5.2005 56 207 1729 
10.5.2005 99 448 1821 
11.5.2005 73 399 1180 
12.5.2005 98 348 778 
13.5.2005 18 365 1988 
14.5.2005 36 166 1786 
15.5.2005 18 291 1412 
16.5.2005 39 467 1891 
17.5.2005 23 314 1556 
18.5.2005 85 113 741 
19.5.2005 93 293 1819 
20.5.2005 93 266 504 
21.5.2005 65 167 1843 
22.5.2005 77 136 1052 
23.5.2005 38 300 704 
24.5.2005 22 416 653 
25.5.2005 4 268 870 
26.5.2005 25 364 528 
27.5.2005 39 436 1219 
28.5.2005 75 426 1327 
29.5.2005 6 237 1262 
30.5.2005 93 303 1518 
31.5.2005 8 118 759 
1.6.2005 23 437 951 
2.6.2005 57 377 1460 
3.6.2005 7 302 1026 
4.6.2005 14 319 1768 
5.6.2005 67 106 543 
6.6.2005 37 485 1031 
7.6.2005 26 234 569 
8.6.2005 24 120 1019 
9.6.2005 68 456 1594 
10.6.2005 30 190 1230 
11.6.2005 5 295 899 
12.6.2005 98 249 1745 
13.6.2005 11 383 1106 
14.6.2005 3 169 944 
15.6.2005 75 368 1965 
16.6.2005 54 419 812 
17.6.2005 32 164 1892 
18.6.2005 3 295 1533 
19.6.2005 86 181 1618 
20.6.2005 39 330 1528 
21.6.2005 31 287 633 
22.6.2005 55 325 1400 
23.6.2005 87 267 873 
24.6.2005 35 150 789 
25.6.2005 31 450 1146 
26.6.2005 58 278 686 
27.6.2005 53 468 648 
28.6.2005 90 403 1259 
29.6.2005 15 321 1083 
30.6.2005 59 300 992 
31.6.2005 74 161 1054 
1.7.2005 83 315 1742 
2.7.2005 82 319 1458 
3.7.2005 79 410 974 
4.7.2005 8 176 631 
5.7.2005 79 494 1162 
6.7.2005 29 157 717 
7.7.2005 43 328 988 
8.7.2005 10 432 1889 
9.7.2005 89 188 632 
10.7.2005 60 139 973 
11.7.2005 90 264 1031 
12.7.2005 53 104 804 
13.7.2005 10 284 1613 
14.7.2005 32 398 1811 
15.7.2005 25 351 995 
16.7.2005 1 380 1023 
17.7.2005 24 193 804 
18.7.2005 37 127 646 
19.7.2005 13 239 718 
20.7.2005 31 261 980 
21.7.2005 44 172 1204 
22.7.2005 77 161 920 
23.7.2005 80 382 1957 
24.7.2005 23 446 1249 
25.7.2005 30 399 1836 
26.7.2005 4 385 1200 
27.7.2005 98 482 1735 
28.7.2005 1 166 1808 
29.7.2005 11 402 1485 
30.7.2005 81 167 1248 
31.7.2005 26 252 1443 
1.8.2005 86 278 1199 
2.8.2005 86 329 886 
3.8.2005 99 442 1538 
4.8.2005 49 450 1905 
5.8.2005 7 204 1213 
6.8.2005 32 104 714 
7.8.2005 24 377 976 
8.8.2005 35 482 860 
9.8.2005 25 461 817 
10.8.2005 96 161 1016 
11.8.2005 14 154 707 
12.8.2005 65 260 1715 
13.8.2005 62 163 1518 
14.8.2005 67 349 1193 
15.8.2005 17 392 1457 
16.8.2005 99 134 1756 
17.8.2005 67 276 1655 
18.8.2005 57 180 732 
19.8.2005 59 361 973 
20.8.2005 98 255 1046 
21.8.2005 61 231 1509 
22.8.2005 51 141 1599 
23.8.2005 79 312 1197 
24.8.2005 45 420 1876 
25.8.2005 18 248 1834 
26.8.2005 100 100 799 
27.8.2005 70 357 1921 
28.8.2005 7 376 506 
29.8.2005 81 344 1444 
30.8.2005 21 496 1722 
31.8.2005 91 179 1877 
1.9.2005 79 400 1086 
2.9.2005 31 280 1087 
3.9.2005 99 372 625 
4.9.2005 80 309 1599 
5.9.2005 74 241 1178 
6.9.2005 96 186 1237 
7.9.2005 11 178 645 
8.9.2005 95 490 634 
9.9.2005 9 261 605 
10.9.2005 82 285 779 
11.9.2005 74 336 788 
12.9.2005 80 259 1219 
13.9.2005 44 449 1718 
14.9.2005 18 495 719 
15.9.2005 94 442 705 
16.9.2005 2 400 1796 
17.9.2005 78 485 1471 
18.9.2005 55 302 865 
19.9.2005 74 294 1989 
20.9.2005 4 360 1866 
21.9.2005 60 464 770 
22.9.2005 95 241 605 
23.9.2005 99 426 1073 
24.9.2005 28 462 720 
25.9.2005 6 401 1539 
26.9.2005 29 127 1258 
27.9.2005 47 358 1089 
28.9.2005 87 433 1832 
29.9.2005 7 328 1361 
30.9.2005 13 332 1863 
31.9.2005 66 135 806 
1.10.2005 64 491 1224 
2.10.2005 73 451 1516 
3.10.2005 77 446 856 
4.10.2005 91 447 1751 
5.10.2005 96 193 1435 
6.10.2005 78 460 1637 
7.10.2005 13 166 1225 
8.10.2005 60 265 1337 
9.10.2005 94 329 586 
10.10.2005 34 253 1070 
11.10.2005 7 291 888 
12.10.2005 18 188 1637 
13.10.2005 43 404 1500 
14.10.2005 6 347 967 
15.10.2005 64 204 1870 
16.10.2005 59 239 1054 
17.10.2005 16 149 660 
18.10.2005 57 261 1094 
19.10.2005 46 229 953 
20.10.2005 40 388 1309 
21.10.2005 53 415 1400 
22.10.2005 13 436 1735 
23.10.2005 24 499 590 
24.10.2005 32 467 778 
25.10.2005 26 398 1301 
26.10.2005 28 468 830 
27.10.2005 47 473 942 
28.10.2005 85 447 689 
29.10.2005 60 271 555 
30.10.2005 98 119 504 
31.10.2005 30 133 1995 
1.11.2005 14 106 1070 
2.11.2005 41 307 1118 
3.11.2005 7 130 725 
4.11.2005 35 436 574 
5.11.2005 19 289 1046 
6.11.2005 67 263 699 
7.11.2005 94 183 1287 
8.11.2005 80 289 1427 
9.11.2005 96 483 704 
10.11.2005 12 234 1960 
11.11.2005 6 153 1459 
12.11.2005 67 105 1657 
13.11.2005 96 457 861 
14.11.2005 2 491 896 
15.11.2005 36 429 1281 
16.11.2005 43 468 1326 
17.11.2005 83 219 613 
18.11.2005 84 399 1918 
19.11.2005 23 417 709 
20.11.2005 15 190 565 
21.11.2005 94 205 1108 
22.11.2005 95 394 1648 
23.11.2005 46 247 815 
24.11.2005 5 445 949 
25.11.2005 48 186 860 
26.11.2005 9 104 1664 
27.11.2005 32 424 1103 
28.11.2005 64 186 1590 
29.11.2005 10 373 1988 
30.11.2005 38 198 983 
31.11.2005 80 354 1611 
1.12.2005 65 100 1528 
2.12.2005 13 420 1649 
3.12.2005 34 190 954 
4.12.2005 84 169 943 
5.12.2005 84 413 1408 
6.12.2005 63 409 1391 
7.12.2005 7 272 1513 
8.12.2005 36 430 997 
9.12.2005 9 238 1962 
10.12.2005 59 239 1723 
11.12.2005 76 251 1251 
12.12.2005 24 308 1084 
13.12.2005 73 308 1681 
14.12.2005 6 186 1799 
15.12.2005 30 283 1268 
16.12.2005 25 127 757 
17.12.2005 28 370 1115 
18.12.2005 96 153 557 
19.12.2005 48 162 563 
20.12.2005 69 416 1214 
21.12.2005 98 340 1309 
22.12.2005 84 217 1376 
23.12.2005 69 307 852 
24.12.2005 73 245 1945 
25.12.2005 22 271 613 
26.12.2005 58 124 823 
27.12.2005 19 370 506 
28.12.2005 26 221 1924 
29.12.2005 73 290 1627 
30.12.2005 48 146 1100 
31.12.2005 68 397 660 
1.1.2006 74 270 1234 
2.1.2006 12 423 1009 
3.1.2006 19 213 1177 
4.1.2006 78 334 1593 
5.1.2006 33 442 558 
6.1.2006 23 115 1773 
7.1.2006 83 185 1704 
8.1.2006 39 289 1183 
9.1.2006 77 349 1370 
10.1.2006 10 374 807 
11.1.2006 68 470 1702 
12.1.2006 97 258 550 
13.1.2006 97 285 637 
14.1.2006 86 229 1218 
15.1.2006 72 442 1595 
16.1.2006 68 198 1746 
17.1.2006 59 469 655 
18.1.2006 95 234 1973 
19.1.2006 90 183 1005 
20.1.2006 35 216 1433 
21.1.2006 55 484 605 
22.1.2006 3 225 914 
23.1.2006 77 102 1649 
24.1.2006 37 186 664 
25.1.2006 58 184 1428 
26.1.2006 47 363 655 
27.1.2006 86 300 1841 
28.1.2006 7 213 1159 
29.1.2006 34 295 1760 
30.1.2006 47 204 964 
31.1.2006 36 380 1550 
1.2.2006 14 393 1150 
2.2.2006 37 414 866 
3.2.2006 93 492 1683 
4.2.2006 40 474 1838 
5.2.2006 90 243 907 
6.2.2006 20 496 691 
7.2.2006 46 426 896 
8.2.2006 16 336 757 
9.2.2006 79 417 612 
10.2.2006 22 133 1913 
11.2.2006 51 302 1617 
12.2.2006 40 147 645 
13.2.2006 45 331 1376 
14.2.2006 3 267 1617 
15.2.2006 85 452 726 
16.2.2006 97 182 547 
17.2.2006 45 476 1114 
18.2.2006 46 322 536 
19.2.2006 81 104 584 
20.2.2006 45 164 1448 
21.2.2006 80 384 1016 
22.2.2006 69 208 858 
23.2.2006 41 374 1563 
24.2.2006 65 309 1417 
25.2.2006 59 188 728 
26.2.2006 87 240 683 
27.2.2006 37 160 1065 
28.2.2006 90 208 602 
29.2.2006 93 433 1469 
30.2.2006 45 198 1617 
31.2.2006 34 350 1005 
1.3.2006 76 282 1753 
2.3.2006 10 280 702 
3.3.2006 67 249 1404 
4.3.2006 46 409 885 
5.3.2006 84 321 1008 
6.3.2006 27 183 1783 
7.3.2006 58 132 788 
8.3.2006 72 266 915 
9.3.2006 76 378 1311 
10.3.2006 85 285 797 
11.3.2006 5 469 571 
12.3.2006 49 468 1945 
13.3.2006 98 252 1035 
14.3.2006 83 148 1175 
15.3.2006 76 160 1036 
16.3.2006 87 274 1496 
17.3.2006 1 400 1779 
18.3.2006 9 442 1521 
19.3.2006 46 323 852 
20.3.2006 37 371 1440 
21.3.2006 48 349 609 
22.3.2006 95 151 1785 
23.3.2006 24 173 835 
24.3.2006 60 158 1963 
25.3.2006 74 217 1764 
26.3.2006 65 162 1493 
27.3.2006 46 431 1987 
28.3.2006 42 174 605 
29.3.2006 70 222 1418 
30.3.2006 85 475 752 
31.3.2006 86 163 1625 
1.4.2006 30 330 1018 
2.4.2006 15 258 1737 
3.4.2006 47 159 1686 
4.4.2006 11 273 1301 
5.4.2006 2 471 822 
6.4.2006 23 276 1070 
7.4.2006 17 361 972 
8.4.2006 10 225 1693 
9.4.2006 16 458 852 
10.4.2006 38 326 1011 
11.4.2006 25 243 1176 
12.4.2006 16 376 748 
13.4.2006 74 231 801 
14.4.2006 28 279 972 
15.4.2006 17 420 1996 
16.4.2006 13 215 705 
17.4.2006 65 389 1996 
18.4.2006 80 207 1383 
19.4.2006 30 379 1195 
20.4.2006 28 246 1073 
21.4.2006 89 242 1284 
22.4.2006 83 185 912 
23.4.2006 25 431 763 
24.4.2006 97 344 1411 
25.4.2006 57 481 1125 
26.4.2006 52 139 1108 
27.4.2006 74 208 925 
28.4.2006 13 343 725 
29.4.2006 92 273 1833 
30.4.2006 56 206 889 
31.4.2006 96 147 1089 
1.5.2006 59 298 1352 
2.5.2006 43 453 811 
3.5.2006 63 473 644 
4.5.2006 45 278 1765 
5.5.2006 92 338 1815 
6.5.2006 20 217 627 
7.5.2006 53 299 533 
8.5.2006 31 140 1683 
9.5.2006 36 232 1123 
10.5.2006 99 158 1214 
11.5.2006 21 473 1488 
12.5.2006 79 231 949 
13.5.2006 7 167 1210 
14.5.2006 34 184 763 
15.5.2006 49 398 708 
16.5.2006 6 496 1258 
17.5.2006 16 301 1701 
18.5.2006 13 156 1538 
19.5.2006 56 273 575 
20.5.2006 56 198 1024 
21.5.2006 84 297 794 
22.5.2006 12 276 865 
23.5.2006 24 354 548 
24.5.2006 61 362 1926 
25.5.2006 77 423 1189 
26.5.2006 31 119 1093 
27.5.2006 63 259 1203 
28.5.2006 54 210 764 
29.5.2006 1 195 843 
30.5.2006 68 174 1332 
31.5.2006 22 309 1770 
1.6.2006 32 265 1516 
2.6.2006 39 174 1706 
3.6.2006 99 188 1131 
4.6.2006 49 389 1418 
5.6.2006 99 131 1472 
6.6.2006 24 471 1153 
7.6.2006 63 293 1899 
8.6.2006 89 475 835 
9.6.2006 29 443 1328 
10.6.2006 89 186 1710 
11.6.2006 69 320 1392 
12.6.2006 81 495 1811 
13.6.2006 84 422 1524 
14.6.2006 51 229 1150 
15.6.2006 67 239 933 
16.6.2006 77 347 1800 
17.6.2006 13 477 662 
18.6.2006 30 138 1005 
19.6.2006 24 115 1618 
20.6.2006 13 454 1856 
21.6.2006 57 219 1788 
22.6.2006 86 478 1308 
23.6.2006 49 499 1055 
24.6.2006 63 278 1887 
25.6.2006 12 102 1036 
26.6.2006 64 303 1269 
27.6.2006 85 114 1844 
28.6.2006 56 275 1177 
29.6.2006 3 116 1853 
30.6.2006 18 461 1188 
31.6.2006 84 143 1366 
1.7.2006 27 375 613 
2.7.2006 9 377 534 
3.7.2006 14 282 966 
4.7.2006 65 329 1146 
5.7.2006 57 258 1616 
6.7.2006 33 400 1678 
7.7.2006 58 282 1311 
8.7.2006 32 489 1062 
9.7.2006 65 401 1637 
10.7.2006 9 147 890 
11.7.2006 63 141 1185 
12.7.2006 51 438 1439 
13.7.2006 85 244 921 
14.7.2006 57 414 1624 
15.7.2006 61 415 1472 
16.7.2006 87 258 1559 
17.7.2006 45 345 1335 
18.7.2006 97 101 1481 
19.7.2006 99 226 1907 
20.7.2006 11 328 1354 
21.7.2006 5 192 518 
22.7.2006 93 156 655 
23.7.2006 87 312 505 
24.7.2006 52 413 1609 
25.7.2006 27 124 1906 
26.7.2006 27 164 1854 
27.7.2006 44 294 967 
28.7.2006 61 411 1187 
29.7.2006 15 278 1516 
30.7.2006 3 485 770 
31.7.2006 72 325 1712 
1.8.2006 84 126 1246 
2.8.2006 43 213 588 
3.8.2006 17 391 1006 
4.8.2006 52 455 973 
5.8.2006 7 355 610 
6.8.2006 21 331 1775 
7.8.2006 54 256 1958 
8.8.2006 61 219 1064 
9.8.2006 69 380 1590 
10.8.2006 61 256 754 
11.8.2006 80 356 1920 
12.8.2006 93 390 1703 
13.8.2006 24 339 1326 
14.8.2006 71 327 1427 
15.8.2006 86 300 654 
16.8.2006 27 366 1475 
17.8.2006 89 421 1346 
18.8.2006 16 345 1760 
19.8.2006 32 157 1989 
20.8.2006 15 265 868 
21.8.2006 41 486 1661 
22.8.2006 92 316 589 
23.8.2006 21 248 636 
24.8.2006 79 377 1107 
25.8.2006 86 470 846 
26.8.2006 98 380 521 
27.8.2006 35 146 1813 
28.8.2006 13 420 612 
29.8.2006 3 218 872 
30.8.2006 32 165 1212 
31.8.2006 16 227 798 
1.9.2006 31 162 808 
2.9.2006 19 229 666 
3.9.2006 30 180 1846 
4.9.2006 75 209 1396 
5.9.2006 47 226 1624 
6.9.2006 72 498 1820 
7.9.2006 62 114 1985 
8.9.2006 46 231 864 
9.9.2006 34 136 1635 
10.9.2006 25 495 545 
11.9.2006 86 429 1803 
12.9.2006 35 213 1870 
13.9.2006 5 499 734 
14.9.2006 62 277 1980 
15.9.2006 100 125 579 
16.9.2006 78 457 1105 
17.9.2006 32 326 1072 
18.9.2006 70 430 1699 
19.9.2006 64 110 643 
20.9.2006 7 233 1534 
21.9.2006 47 437 829 
22.9.2006 96 378 1986 
23.9.2006 55 317 1821 
24.9.2006 12 212 1469 
25.9.2006 94 467 1919 
26.9.2006 66 305 950 
27.9.2006 15 280 1794 
28.9.2006 12 477 1033 
29.9.2006 51 433 975 
30.9.2006 75 259 930 
31.9.2006 97 334 677 
1.10.2006 78 421 1480 
2.10.2006 46 209 1351 
3.10.2006 90 208 897 
4.10.2006 86 438 606 
5.10.2006 75 358 1810 
6.10.2006 30 484 989 
7.10.2006 61 260 1269 
8.10.2006 21 123 1284 
9.10.2006 64 423 1242 
10.10.2006 45 226 536 
11.10.2006 31 148 1096 
12.10.2006 75 296 1892 
13.10.2006 97 375 980 
14.10.2006 29 161 1414 
15.10.2006 78 174 530 
16.10.2006 57 296 607 
17.10.2006 35 281 1709 
18.10.2006 73 197 963 
19.10.2006 9 372 1296 
20.10.2006 76 195 1813 
21.10.2006 60 218 1012 
22.10.2006 7 358 1243 
23.10.2006 48 292 843 
24.10.2006 94 488 1791 
25.10.2006 12 234 1797 
26.10.2006 71 270 1695 
27.10.2006 12 359 812 
28.10.2006 35 382 621 
29.10.2006 47 359 983 
30.10.2006 92 134 741 
31.10.2006 47 133 826 
1.11.2006 49 374 1449 
2.11.2006 33 212 1889 
3.11.2006 61 401 1520 
4.11.2006 59 365 1652 
5.11.2006 74 113 1773 
6.11.2006 66 359 1957 
7.11.2006 98 179 1495 
8.11.2006 76 172 1866 
9.11.2006 82 218 1842 
10.11.2006 92 402 1973 
11.11.2006 57 111 543 
12.11.2006 95 264 1697 
13.11.2006 61 197 1668 
14.11.2006 33 333 1912 
15.11.2006 95 179 1960 
16.11.2006 88 442 1343 
17.11.2006 30 319 1768 
18.11.2006 61 224 1756 
19.11.2006 19 252 933 
20.11.2006 83 121 1400 
21.11.2006 84 419 852 
22.11.2006 28 335 642 
23.11.2006 97 297 683 
24.11.2006 96 213 525 
25.11.2006 55 125 1450 
26.11.2006 19 348 812 
27.11.2006 29 149 1716 
28.11.2006 87 206 726 
29.11.2006 2 413 1527 
30.11.2006 26 341 1282 
31.11.2006 3 430 1913 
1.12.2006 65 397 1010 
2.12.2006 51 396 798 
3.12.2006 73 329 866 
4.12.2006 79 373 822 
5.12.2006 20 243 584 
6.12.2006 5 235 1874 
7.12.2006 48 252 963 
8.12.2006 30 420 1409 
9.12.2006 87 197 1392 
10.12.2006 89 451 594 
11.12.2006 38 178 1501 
12.12.2006 92 407 969 
13.12.2006 58 360 1455 
14.12.2006 47 300 1883 
15.12.2006 44 239 688 
16.12.2006 86 124 700 
17.12.2006 68 171 575 
18.12.2006 38 145 1753 
19.12.2006 36 128 669 
20.12.2006 4 393 1805 
21.12.2006 86 151 1420 
22.12.2006 99 365 1025 
23.12.2006 14 157 1689 
24.12.2006 73 265 1308 
25.12.2006 64 486 774 
26.12.2006 26 166 1410 
27.12.2006 99 438 1051 
28.12.2006 75 175 1823 
29.12.2006 28 474 713 
30.12.2006 16 412 991 
31.12.2006 90 105 850 
1.1.2007 26 260 918 
2.1.2007 97 388 998 
3.1.2007 84 468 790 
4.1.2007 84 161 1601 
5.1.2007 70 277 1542 
6.1.2007 97 496 1517 
7.1.2007 35 402 930 
8.1.2007 96 430 1318 
9.1.2007 71 416 1171 
10.1.2007 62 307 1216 
11.1.2007 36 197 724 
12.1.2007 25 309 1540 
13.1.2007 10 476 658 
14.1.2007 79 174 700 
15.1.2007 46 428 1339 
16.1.2007 68 398 734 
17.1.2007 55 205 946 
18.1.2007 63 360 734 
19.1.2007 74 282 1301 
20.1.2007 83 448 1153 
21.1.2007 65 227 1167 
22.1.2007 94 127 745 
23.1.2007 79 271 1370 
24.1.2007 1 358 1784 
25.1.2007 81 318 1998 
26.1.2007 71 218 797 
27.1.2007 72 438 1027 
28.1.2007 42 276 956 
29.1.2007 55 355 1474 
30.1.2007 30 412 956 
31.1.2007 72 137 1180 
1.2.2007 67 404 559 
2.2.2007 18 388 684 
3.2.2007 68 469 1659 
4.2.2007 61 386 1253 
5.2.2007 35 134 577 
6.2.2007 15 205 1306 
7.2.2007 21 384 1141 
8.2.2007 19 306 1130 
9.2.2007 4 363 747 
10.2.2007 2 298 1708 
11.2.2007 90 359 1585 
12.2.2007 42 338 1739 
13.2.2007 97 353 1838 
14.2.2007 84 280 1828 
15.2.2007 76 295 1769 
16.2.2007 78 464 935 
17.2.2007 16 497 1890 
18.2.2007 79 250 1682 
19.2.2007 77 437 1659 
20.2.2007 79 174 1941 
21.2.2007 92 307 1851 
22.2.2007 98 167 662 
23.2.2007 2 237 1007 
24.2.2007 5 254 602 
25.2.2007 88 479 1998 
26.2.2007 54 257 1237 
27.2.2007 71 307 631 
28.2.2007 77 417 1883 
29.2.2007 65 226 923 
30.2.2007 86 354 559 
31.2.2007 14 149 1498 
1.3.2007 6 472 1727 
2.3.2007 86 238 1211 
3.3.2007 25 406 1514 
4.3.2007 16 223 1584 
5.3.2007 67 122 1214 
6.3.2007 73 129 1970 
7.3.2007 34 280 1225 
8.3.2007 57 312 582 
9.3.2007 16 439 1715 
10.3.2007 27 207 1662 
11.3.2007 20 284 993 
12.3.2007 57 192 864 
13.3.2007 2 291 960 
14.3.2007 100 219 1519 
15.3.2007 82 252 1504 
16.3.2007 20 197 588 
17.3.2007 75 148 609 
18.3.2007 95 493 1876 
19.3.2007 98 445 1509 
20.3.2007 80 496 1682 
21.3.2007 40 487 1870 
22.3.2007 17 139 710 
23.3.2007 19 416 1889 
24.3.2007 41 133 1413 
25.3.2007 30 259 1621 
26.3.2007 14 290 1153 
27.3.2007 67 242 1970 
28.3.2007 85 228 815 
29.3.2007 31 321 1666 
30.3.2007 49 328 1250 
31.3.2007 86 357 631 
1.4.2007 82 426 1296 
2.4.2007 56 358 899 
3.4.2007 19 117 1822 
4.4.2007 89 284 1368 
5.4.2007 27 349 734 
6.4.2007 68 242 1790 
7.4.2007 31 324 1718 
8.4.2007 17 479 1205 
9.4.2007 77 155 1201 
10.4.2007 29 238 1338 
11.4.2007 2 343 1362 
12.4.2007 85 108 1707 
13.4.2007 44 442 1573 
14.4.2007 25 495 1855 
15.4.2007 15 281 1786 
16.4.2007 98 291 1843 
17.4.2007 85 222 1343 
18.4.2007 35 314 1290 
19.4.2007 50 210 1582 
20.4.2007 97 369 1489 
21.4.2007 85 320 765 
22.4.2007 19 249 1148 
23.4.2007 69 249 1569 
24.4.2007 37 162 1415 
25.4.2007 78 355 1550 
26.4.2007 13 127 1479 
27.4.2007 98 173 1943 
28.4.2007 11 376 1814 
29.4.2007 6 210 542 
30.4.2007 43 325 1922 
31.4.2007 17 205 1867 
1.5.2007 61 328 1136 
2.5.2007 67 322 1102 
3.5.2007 88 143 1289 
4.5.2007 27 325 565 
5.5.2007 4 405 1101 
6.5.2007 6 233 1078 
7.5.2007 19 237 1267 
8.5.2007 16 369 1550 
9.5.2007 13 356 551 
10.5.2007 49 149 933 
11.5.2007 27 326 1170 
12.5.2007 17 437 1212 
13.5.2007 21 340 645 
14.5.2007 19 373 1470 
15.5.2007 7 246 823 
16.5.2007 29 260 1368 
17.5.2007 66 295 1297 
18.5.2007 42 398 1755 
19.5.2007 70 278 1139 
20.5.2007 24 335 1920 
21.5.2007 28 401 731 
22.5.2007 8 211 1161 
23.5.2007 52 296 1044 
24.5.2007 73 240 1829 
25.5.2007 5 242 1020 
26.5.2007 16 268 1455 
27.5.2007 60 439 971 
28.5.2007 35 207 1910 
29.5.2007 69 415 1762 
30.5.2007 75 309 1245 
31.5.2007 23 174 837 
1.6.2007 23 389 1966 
2.6.2007 31 270 930 
3.6.2007 50 114 525 
4.6.2007 78 411 1342 
5.6.2007 61 283 949 
6.6.2007 88 298 1203 
7.6.2007 51 411 1118 
8.6.2007 98 457 1625 
9.6.2007 16 100 728 
10.6.2007 52 223 1536 
11.6.2007 79 317 1852 
12.6.2007 7 307 692 
13.6.2007 10 240 866 
14.6.2007 38 167 1600 
15.6.2007 81 336 633 
16.6.2007 21 494 938 
17.6.2007 57 329 1982 
18.6.2007 72 430 1676 
19.6.2007 60 299 1898 
20.6.2007 89 263 1348 
21.6.2007 41 208 1881 
22.6.2007 38 387 990 
23.6.2007 24 160 1541 
24.6.2007 87 223 1104 
25.6.2007 15 398 619 
26.6.2007 85 380 1793 
27.6.2007 88 341 1559 
28.6.2007 8 159 1180 
29.6.2007 50 270 1929 
30.6.2007 80 181 1910 
31.6.2007 43 482 1937 
1.7.2007 51 353 562 
2.7.2007 62 452 866 
3.7.2007 24 230 1155 
4.7.2007 34 320 1338 
5.7.2007 74 118 765 
6.7.2007 67 421 1158 
7.7.2007 95 282 1131 
8.7.2007 62 500 1405 
9.7.2007 80 283 661 
10.7.2007 71 474 743 
11.7.2007 72 204 1172 
12.7.2007 26 320 1008 
13.7.2007 92 490 849 
14.7.2007 37 101 619 
15.7.2007 28 227 616 
16.7.2007 11 478 1281 
17.7.2007 3 122 1105 
18.7.2007 20 187 1292 
19.7.2007 17 327 1703 
20.7.2007 9 368 516 
21.7.2007 99 392 1124 
22.7.2007 76 212 1662 
23.7.2007 91 349 909 
24.7.2007 3 493 1118 
25.7.2007 92 122 1476 
26.7.2007 37 212 985 
27.7.2007 37 339 1005 
28.7.2007 75 214 1270 
29.7.2007 36 483 1538 
30.7.2007 85 413 1038 
31.7.2007 59 278 1293 
1.8.2007 28 384 1910 
2.8.2007 11 171 1297 
3.8.2007 7 345 1807 
4.8.2007 26 500 986 
5.8.2007 56 448 812 
6.8.2007 61 300 838 
7.8.2007 17 226 1081 
8.8.2007 33 279 1452 
9.8.2007 22 228 1783 
10.8.2007 39 305 545 
11.8.2007 4 311 1331 
12.8.2007 28 127 1361 
13.8.2007 86 500 1419 
14.8.2007 27 238 1029 
15.8.2007 29 410 686 
16.8.2007 29 156 1562 
17.8.2007 61 273 1197 
18.8.2007 19 257 1896 
19.8.2007 37 161 698 
20.8.2007 84 101 1164 
21.8.2007 60 324 1353 
22.8.2007 54 299 1282 
23.8.2007 86 289 1820 
24.8.2007 10 406 1427 
25.8.2007 50 132 1894 
26.8.2007 85 217 1162 
27.8.2007 24 302 877 
28.8.2007 57 355 1010 
29.8.2007 50 225 692 
30.8.2007 60 283 1532 
31.8.2007 61 265 1595 
1.9.2007 28 162 553 
2.9.2007 12 375 1187 
3.9.2007 72 274 1225 
4.9.2007 62 345 1026 
5.9.2007 10 360 1915 
6.9.2007 99 251 1917 
7.9.2007 24 256 769 
8.9.2007 15 425 727 
9.9.2007 81 257 1793 
10.9.2007 30 328 1101 
11.9.2007 65 291 993 
12.9.2007 13 318 1486 
13.9.2007 33 207 1460 
14.9.2007 51 255 689 
15.9.2007 45 458 1865 
16.9.2007 17 166 771 
17.9.2007 96 160 1756 
18.9.2007 25 291 1363 
19.9.2007 39 305 1311 
20.9.2007 35 251 1884 
21.9.2007 72 281 902 
22.9.2007 80 207 555 
23.9.2007 29 405 1855 
24.9.2007 89 122 1185 
25.9.2007 27 342 667 
26.9.2007 71 216 648 
27.9.2007 74 409 1961 
28.9.2007 55 300 672 
29.9.2007 92 307 530 
30.9.2007 17 475 939 
31.9.2007 80 199 935 
1.10.2007 32 489 1912 
2.10.2007 38 231 1111 
3.10.2007 52 446 1680 
4.10.2007 24 412 1184 
5.10.2007 43 327 1325 
6.10.2007 89 117 1758 
7.10.2007 10 379 1974 
8.10.2007 4 463 1100 
9.10.2007 44 350 604 
10.10.2007 72 265 871 
11.10.2007 42 100 901 
12.10.2007 90 407 1596 
13.10.2007 12 444 1551 
14.10.2007 53 463 717 
15.10.2007 27 119 1441 
16.10.2007 16 449 677 
17.10.2007 98 235 1022 
18.10.2007 11 476 1575 
19.10.2007 49 218 1000 
20.10.2007 1 140 1567 
21.10.2007 35 131 768 
22.10.2007 21 339 1831 
23.10.2007 23 371 797 
24.10.2007 46 159 1214 
25.10.2007 52 381 766 
26.10.2007 57 147 1229 
27.10.2007 55 353 603 
28.10.2007 48 372 1550 
29.10.2007 81 300 840 
30.10.2007 97 175 1851 
31.10.2007 91 449 857 
1.11.2007 76 422 1075 
2.11.2007 44 215 1479 
3.11.2007 88 320 1472 
4.11.2007 8 155 946 
5.11.2007 24 213 1142 
6.11.2007 43 163 617 
7.11.2007 29 158 1165 
8.11.2007 86 159 990 
9.11.2007 39 355 581 
10.11.2007 55 414 549 
11.11.2007 63 413 1577 
12.11.2007 75 105 1003 
13.11.2007 43 404 1432 
14.11.2007 17 171 1328 
15.11.2007 98 461 1951 
16.11.2007 16 211 535 
17.11.2007 16 153 1486 
18.11.2007 44 383 1051 
19.11.2007 21 224 723 
20.11.2007 75 263 1322 
21.11.2007 45 443 630 
22.11.2007 34 468 1547 
23.11.2007 75 385 1698 
24.11.2007 45 283 912 
25.11.2007 5 326 1046 
26.11.2007 28 177 1589 
27.11.2007 57 155 1499 
28.11.2007 54 447 1817 
29.11.2007 29 455 1613 
30.11.2007 21 441 1555 
31.11.2007 35 288 1153 
1.12.2007 70 437 746 
2.12.2007 34 443 1507 
3.12.2007 97 492 719 
4.12.2007 93 468 1684 
5.12.2007 30 229 905 
6.12.2007 90 402 1661 
7.12.2007 58 205 1232 
8.12.2007 79 491 969 
9.12.2007 1 431 848 
10.12.2007 90 210 1121 
11.12.2007 43 336 852 
12.12.2007 94 464 508 
13.12.2007 77 238 1997 
14.12.2007 79 370 1179 
15.12.2007 97 490 1109 
16.12.2007 20 374 1749 
17.12.2007 64 127 1353 
18.12.2007 98 121 696 
19.12.2007 82 387 1783 
20.12.2007 34 191 1421 
21.12.2007 24 370 1132 
22.12.2007 82 460 1961 
23.12.2007 35 107 1175 
24.12.2007 91 109 1834 
25.12.2007 49 350 1655 
26.12.2007 6 383 1784 
27.12.2007 34 310 1337 
28.12.2007 53 294 1918 
29.12.2007 83 456 1576 
30.12.2007 97 240 1704 
31.12.2007 89 395 1910 
1.1.2008 92 419 1309 
2.1.2008 6 240 1892 
3.1.2008 77 376 1901 
4.1.2008 80 308 876 
5.1.2008 40 348 1522 
6.1.2008 19 366 1246 
7.1.2008 3 117 541 
8.1.2008 19 332 829 
9.1.2008 96 486 609 
10.1.2008 9 110 1849 
11.1.2008 49 303 1366 
12.1.2008 29 468 1698 
13.1.2008 90 359 1764 
14.1.2008 63 470 1817 
15.1.2008 1 171 1610 
16.1.2008 46 317 1569 
17.1.2008 30 280 1011 
18.1.2008 55 453 949 
19.1.2008 19 261 1873 
20.1.2008 91 351 717 
21.1.2008 35 351 1422 
22.1.2008 23 326 1052 
23.1.2008 14 112 898 
24.1.2008 80 464 1778 
25.1.2008 8 454 970 
26.1.2008 44 271 1304 
27.1.2008 95 272 1067 
28.1.2008 62 322 1382 
29.1.2008 56 252 1216 
30.1.2008 50 488 1575 
31.1.2008 84 125 867 
1.2.2008 74 474 883 
2.2.2008 25 116 1750 
3.2.2008 81 285 1263 
4.2.2008 83 384 1835 
5.2.2008 90 289 596 
6.2.2008 57 269 1306 
7.2.2008 18 458 1788 
8.2.2008 10 358 915 
9.2.2008 95 426 984 
10.2.2008 77 327 1293 
11.2.2008 64 418 1877 
12.2.2008 19 181 1720 
13.2.2008 64 457 1466 
14.2.2008 89 349 917 
15.2.2008 78 186 1728 
16.2.2008 100 129 1747 
17.2.2008 4 297 1434 
18.2.2008 94 137 1231 
19.2.2008 55 234 1412 
20.2.2008 11 173 1688 
21.2.2008 51 102 1366 
22.2.2008 48 301 968 
23.2.2008 39 473 1218 
24.2.2008 48 163 1053 
25.2.2008 84 201 1853 
26.2.2008 73 319 1362 
27.2.2008 20 404 1600 
28.2.2008 43 491 1439 
29.2.2008 79 466 1302 
30.2.2008 45 115 1625 
31.2.2008 46 405 1714 
1.3.2008 1 385 1479 
2.3.2008 49 343 1979 
3.3.2008 22 287 1350 
4.3.2008 3 444 1709 
5.3.2008 41 237 1947 
6.3.2008 63 401 1698 
7.3.2008 42 179 567 
8.3.2008 28 451 1803 
9.3.2008 2 198 1593 
10.3.2008 69 163 840 
11.3.2008 50 408 1786 
12.3.2008 80 362 730 
13.3.2008 31 446 1036 
14.3.2008 23 211 1316 
15.3.2008 67 299 684 
16.3.2008 52 321 1572 
17.3.2008 76 425 1010 
18.3.2008 73 364 1523 
19.3.2008 18 234 1204 
20.3.2008 68 472 776 
21.3.2008 38 196 1268 
22.3.2008 73 151 1918 
23.3.2008 42 297 1612 
24.3.2008 44 257 1049 
25.3.2008 33 374 1561 
26.3.2008 41 477 1813 
27.3.2008 70 392 1974 
28.3.2008 21 224 1206 
29.3.2008 35 279 915 
30.3.2008 52 298 1976 
31.3.2008 51 491 1849 
1.4.2008 38 296 1062 
2.4.2008 39 492 1019 
3.4.2008 22 177 973 
4.4.2008 57 237 1121 
5.4.2008 55 129 1231 
6.4.2008 85 271 846 
7.4.2008 61 315 809 
8.4.2008 67 379 1330 
9.4.2008 17 500 1460 
10.4.2008 66 448 1533 
11.4.2008 71 107 1721 
12.4.2008 22 457 682 
13.4.2008 85 352 1587 
14.4.2008 19 458 1028 
15.4.2008 99 366 1197 
16.4.2008 57 275 1121 
17.4.2008 35 133 1280 
18.4.2008 64 249 1624 
19.4.2008 87 143 1749 
20.4.2008 41 292 1533 
21.4.2008 82 247 1949 
22.4.2008 100 293 600 
23.4.2008 26 337 579 
24.4.2008 12 331 1566 
25.4.2008 89 204 801 
26.4.2008 13 428 625 
27.4.2008 44 303 1797 
28.4.2008 20 398 1545 
29.4.2008 15 396 796 
30.4.2008 74 418 1361 
31.4.2008 84 107 1735 
1.5.2008 81 380 1023 
2.5.2008 86 235 1355 
3.5.2008 40 261 1137 
4.5.2008 44 399 569 
5.5.2008 1 353 755 
6.5.2008 55 184 1905 
7.5.2008 79 445 1681 
8.5.2008 8 431 789 
9.5.2008 15 188 1758 
10.5.2008 24 219 830 
11.5.2008 44 111 801 
12.5.2008 85 296 561 
13.5.2008 76 146 921 
14.5.2008 70 155 785 
15.5.2008 33 315 1645 
16.5.2008 7 121 900 
17.5.2008 19 168 1337 
18.5.2008 2 262 597 
19.5.2008 65 145 1912 
20.5.2008 72 468 544 
21.5.2008 38 356 1100 
22.5.2008 65 395 1061 
23.5.2008 74 468 1493 
24.5.2008 4 196 948 
25.5.2008 32 194 953 
26.5.2008 6 205 1894 
27.5.2008 73 175 1291 
28.5.2008 6 439 1461 
29.5.2008 98 175 1165 
30.5.2008 89 137 1558 
31.5.2008 63 299 1649 
1.6.2008 80 255 586 
2.6.2008 16 432 535 
3.6.2008 67 129 981 
4.6.2008 47 398 919 
5.6.2008 45 447 1213 
6.6.2008 47 476 1511 
7.6.2008 90 325 1396 
8.6.2008 69 254 1529 
9.6.2008 50 330 566 
10.6.2008 25 302 688 
11.6.2008 58 193 1115 
12.6.2008 95 386 1831 
13.6.2008 49 228 1464 
14.6.2008 8 386 1431 
15.6.2008 18 359 749 
16.6.2008 94 206 1368 
17.6.2008 72 144 1667 
18.6.2008 36 245 645 
19.6.2008 57 438 897 
20.6.2008 35 178 1580 
21.6.2008 38 461 870 
22.6.2008 10 113 772 
23.6.2008 97 294 1765 
24.6.2008 96 117 808 
25.6.2008 38 283 1541 
26.6.2008 43 194 1337 
27.6.2008 78 197 1012 
28.6.2008 93 247 718 
29.6.2008 62 444 1160 
30.6.2008 41 128 1306 
31.6.2008 51 380 1917 
1.7.2008 97 413 1185 
2.7.2008 52 284 1493 
3.7.2008 69 499 1754 
4.7.2008 65 474 1810 
5.7.2008 64 258 941 
6.7.2008 76 254 1934 
7.7.2008 73 373 1308 
8.7.2008 59 493 1236 
9.7.2008 5 484 1363 
10.7.2008 55 458 1741 
11.7.2008 11 124 1463 
12.7.2008 80 305 1559 
13.7.2008 64 199 1342 
14.7.2008 93 288 1335 
15.7.2008 3 382 1638 
16.7.2008 71 297 659 
17.7.2008 47 358 937 
18.7.2008 58 174 657 
19.7.2008 55 170 926 
20.7.2008 37 246 1507 
21.7.2008 45 353 1811 
22.7.2008 33 467 1903 
23.7.2008 47 263 1522 
24.7.2008 49 149 1725 
25.7.2008 1 463 1786 
26.7.2008 51 449 1241 
27.7.2008 52 203 551 
28.7.2008 42 445 1900 
29.7.2008 59 184 1576 
30.7.2008 81 401 1080 
31.7.2008 29 167 1767 
1.8.2008 10 497 1345 
2.8.2008 46 195 570 
3.8.2008 92 412 1281 
4.8.2008 19 222 1374 
5.8.2008 53 192 1594 
6.8.2008 60 110 1475 
7.8.2008 90 153 559 
8.8.2008 10 340 1006 
9.8.2008 57 221 1249 
10.8.2008 55 299 633 
11.8.2008 18 348 909 
12.8.2008 18 415 1177 
13.8.2008 35 138 1207 
14.8.2008 99 393 932 
15.8.2008 91 204 1392 
16.8.2008 7 396 720 
17.8.2008 38 131 1777 
18.8.2008 10 325 1941 
19.8.2008 11 325 1850 
20.8.2008 46 238 786 
21.8.2008 55 119 847 
22.8.2008 40 200 1087 
23.8.2008 86 103 1262 
24.8.2008 3 442 647 
25.8.2008 80 347 1840 
26.8.2008 30 321 1112 
27.8.2008 40 305 1068 
28.8.2008 7 439 934 
29.8.2008 89 290 666 
30.8.2008 84 205 1320 
31.8.2008 13 196 638 
1.9.2008 77 187 1669 
2.9.2008 46 128 1811 
3.9.2008 9 313 1508 
4.9.2008 98 156 561 
5.9.2008 5 297 1082 
6.9.2008 70 410 1114 
7.9.2008 29 460 619 
8.9.2008 3 471 584 
9.9.2008 81 189 1489 
10.9.2008 98 481 989 
11.9.2008 71 423 1078 
12.9.2008 86 370 785 
13.9.2008 11 357 537 
14.9.2008 17 344 1445 
15.9.2008 46 485 526 
16.9.2008 20 371 1567 
17.9.2008 45 209 1604 
18.9.2008 29 270 1119 
19.9.2008 9 280 1718 
20.9.2008 95 243 502 
21.9.2008 82 363 1155 
22.9.2008 29 312 1882 
23.9.2008 80 456 1080 
24.9.2008 91 131 857 
25.9.2008 61 196 1381 
26.9.2008 76 310 1137 
27.9.2008 79 108 1339 
28.9.2008 38 360 588 
29.9.2008 2 486 1939 
30.9.2008 66 238 821 
31.9.2008 20 471 1085 
1.10.2008 5 126 1845 
2.10.2008 9 403 1384 
3.10.2008 100 233 1626 
4.10.2008 42 121 650 
5.10.2008 20 140 743 
6.10.2008 59 196 1143 
7.10.2008 60 245 1876 
8.10.2008 65 398 672 
9.10.2008 39 443 1632 
10.10.2008 1 353 1773 
11.10.2008 9 139 948 
12.10.2008 23 444 1372 
13.10.2008 32 353 782 
14.10.2008 35 437 784 
15.10.2008 59 405 1985 
16.10.2008 30 495 1136 
17.10.2008 81 473 757 
18.10.2008 73 112 517 
19.10.2008 53 468 1604 
20.10.2008 8 172 1459 
21.10.2008 75 147 1940 
22.10.2008 58 354 824 
23.10.2008 74 314 1046 
24.10.2008 80 472 1330 
25.10.2008 84 346 862 
26.10.2008 39 418 1653 
27.10.2008 52 406 1609 
28.10.2008 12 304 1719 
29.10.2008 6 319 1661 
30.10.2008 87 330 1505 
31.10.2008 1 218 1095 
1.11.2008 48 400 748 
2.11.2008 95 272 861 
3.11.2008 69 386 1555 
4.11.2008 94 396 1577 
5.11.2008 53 358 1169 
6.11.2008 36 201 1632 
7.11.2008 27 454 1815 
8.11.2008 46 159 758 
9.11.2008 23 477 596 
10.11.2008 96 475 1034 
11.11.2008 79 359 1226 
12.11.2008 7 321 1807 
13.11.2008 51 167 548 
14.11.2008 88 270 869 
15.11.2008 94 115 1648 
16.11.2008 66 312 1768 
17.11.2008 35 248 1602 
18.11.2008 31 394 1947 
19.11.2008 73 119 1546 
20.11.2008 8 422 1695 
21.11.2008 47 393 723 
22.11.2008 89 377 939 
23.11.2008 43 300 1209 
24.11.2008 31 110 1768 
25.11.2008 57 319 710 
26.11.2008 4 495 1340 
27.11.2008 40 362 1719 
28.11.2008 80 226 1619 
29.11.2008 3 448 1666 
30.11.2008 55 237 1931 
31.11.2008 98 310 1776 
1.12.2008 38 491 1151 
2.12.2008 68 400 1482 
3.12.2008 86 130 645 
4.12.2008 40 188 1169 
5.12.2008 64 111 704 
6.12.2008 60 262 1571 
7.12.2008 14 146 1670 
8.12.2008 66 394 1949 
9.12.2008 88 141 528 
10.12.2008 4 240 1417 
11.12.2008 81 298 874 
12.12.2008 18 486 1214 
13.12.2008 97 258 916 
14.12.2008 48 252 1369 
15.12.2008 10 125 1640 
16.12.2008 22 496 549 
17.12.2008 54 227 739 
18.12.2008 29 361 1912 
19.12.2008 88 155 1527 
20.12.2008 23 321 698 
21.12.2008 19 182 1023 
22.12.2008 12 135 1286 
23.12.2008 79 495 1480 
24.12.2008 50 394 1172 
25.12.2008 78 263 1657 
26.12.2008 60 460 804 
27.12.2008 40 103 1796 
28.12.2008 29 137 1424 
29.12.2008 8 293 1606 
30.12.2008 82 118 1409 
31.12.2008 60 196 1632 
1.1.2009 74 422 762 
2.1.2009 24 302 1111 
3.1.2009 86 229 1620 
4.1.2009 25 275 1663 
5.1.2009 42 187 776 
6.1.2009 9 389 1217 
7.1.2009 46 400 910 
8.1.2009 59 252 1675 
9.1.2009 16 367 1459 
10.1.2009 24 416 558 
11.1.2009 91 199 1761 
12.1.2009 70 408 1052 
13.1.2009 14 385 1621 
14.1.2009 59 342 1974 
15.1.2009 64 178 960 
16.1.2009 20 171 1407 
17.1.2009 12 164 1019 
18.1.2009 1 314 1138 
19.1.2009 15 277 1431 
20.1.2009 19 404 1336 
21.1.2009 37 371 1520 
22.1.2009 25 223 1641 
23.1.2009 9 128 1379 
24.1.2009 89 257 679 
25.1.2009 36 417 748 
26.1.2009 87 183 1859 
27.1.2009 63 215 1692 
28.1.2009 24 334 1741 
29.1.2009 32 457 1918 
30.1.2009 44 500 1149 
31.1.2009 81 387 1418 
1.2.2009 53 384 771 
2.2.2009 51 258 1295 
3.2.2009 46 394 1507 
4.2.2009 94 157 1749 
5.2.2009 26 132 574 
6.2.2009 88 242 894 
7.2.2009 60 294 1949 
8.2.2009 78 189 730 
9.2.2009 53 293 810 
10.2.2009 68 272 1553 
11.2.2009 41 361 1785 
12.2.2009 94 125 1432 
13.2.2009 24 453 1486 
14.2.2009 22 495 1844 
15.2.2009 3 261 636 
16.2.2009 34 335 730 
17.2.2009 67 323 1530 
18.2.2009 22 191 739 
19.2.2009 94 181 1116 
20.2.2009 39 245 1999 
21.2.2009 96 316 501 
22.2.2009 10 156 1705 
23.2.2009 19 167 758 
24.2.2009 72 396 1183 
25.2.2009 19 337 1125 
26.2.2009 19 267 1298 
27.2.2009 47 227 1506 
28.2.2009 29 442 1560 
29.2.2009 11 360 1496 
30.2.2009 30 251 1486 
31.2.2009 18 449 1256 
1.3.2009 26 400 733 
2.3.2009 8 393 1049 
3.3.2009 27 149 996 
4.3.2009 30 281 1044 
5.3.2009 71 303 1002 
6.3.2009 23 291 1250 
7.3.2009 86 347 1975 
8.3.2009 73 205 940 
9.3.2009 54 475 998 
10.3.2009 2 272 592 
11.3.2009 63 259 1424 
12.3.2009 8 309 1271 
13.3.2009 78 181 1214 
14.3.2009 75 101 1923 
15.3.2009 62 158 1463 
16.3.2009 25 470 899 
17.3.2009 84 182 1782 
18.3.2009 61 485 1036 
19.3.2009 26 276 1519 
20.3.2009 83 412 1705 
21.3.2009 78 278 1797 
22.3.2009 61 320 661 
23.3.2009 33 253 1225 
24.3.2009 15 308 1023 
25.3.2009 81 138 1237 
26.3.2009 81 326 1746 
27.3.2009 78 395 1538 
28.3.2009 77 124 1707 
29.3.2009 17 304 536 
30.3.2009 54 493 904 
31.3.2009 51 469 605 
1.4.2009 49 414 798 
2.4.2009 11 330 1907 
3.4.2009 19 113 722 
4.4.2009 43 224 781 
5.4.2009 45 473 920 
6.4.2009 88 305 945 
7.4.2009 23 275 1216 
8.4.2009 1 432 1418 
9.4.2009 89 399 704 
10.4.2009 42 362 939 
11.4.2009 87 368 1383 
12.4.2009 85 240 1270 
13.4.2009 97 476 1916 
14.4.2009 49 466 1667 
15.4.2009 88 449 1621 
16.4.2009 87 434 1031 
17.4.2009 93 156 1008 
18.4.2009 90 435 1384 
19.4.2009 1 243 1488 
20.4.2009 31 233 904 
21.4.2009 25 499 1042 
22.4.2009 45 142 1040 
23.4.2009 32 455 1556 
24.4.2009 8 167 1574 
25.4.2009 30 409 1768 
26.4.2009 73 213 925 
27.4.2009 99 152 1914 
28.4.2009 91 278 1545 
29.4.2009 92 102 549 
30.4.2009 5 184 1911 
31.4.2009 97 190 1216 
1.5.2009 12 411 1779 
2.5.2009 95 485 1670 
3.5.2009 78 158 1659 
4.5.2009 26 292 887 
5.5.2009 3 377 904 
6.5.2009 29 263 1690 
7.5.2009 30 314 1045 
8.5.2009 11 433 1250 
9.5.2009 61 279 1819 
10.5.2009 83 415 803 
11.5.2009 68 144 791 
12.5.2009 72 238 1882 
13.5.2009 67 473 962 
14.5.2009 63 100 735 
15.5.2009 7 445 634 
16.5.2009 55 462 699 
17.5.2009 17 398 1888 
18.5.2009 49 156 1903 
19.5.2009 52 304 1533 
20.5.2009 24 492 1126 
21.5.2009 36 307 920 
22.5.2009 31 102 1546 
23.5.2009 90 380 1533 
24.5.2009 10 477 663 
25.5.2009 47 371 1634 
26.5.2009 57 382 1077 
27.5.2009 84 447 1069 
28.5.2009 61 298 574 
29.5.2009 77 306 1214 
30.5.2009 42 370 1939 
31.5.2009 81 339 1528 
1.6.2009 99 368 1461 
2.6.2009 7 368 1968 
3.6.2009 65 276 962 
4.6.2009 92 390 1146 
5.6.2009 30 273 985 
6.6.2009 98 318 1169 
7.6.2009 80 227 828 
8.6.2009 62 210 652 
9.6.2009 29 376 1009 
10.6.2009 28 159 1398 
11.6.2009 33 226 1413 
12.6.2009 89 136 1641 
13.6.2009 7 211 1722 
14.6.2009 19 425 1798 
15.6.2009 4 250 1630 
16.6.2009 93 281 750 
17.6.2009 91 196 751 
18.6.2009 45 110 788 
19.6.2009 19 235 697 
20.6.2009 42 367 1504 
21.6.2009 93 245 1892 
22.6.2009 61 344 1115 
23.6.2009 99 215 1292 
24.6.2009 19 247 1794 
25.6.2009 39 268 904 
26.6.2009 31 100 651 
27.6.2009 26 314 1311 
28.6.2009 72 295 666 
29.6.2009 98 289 1810 
30.6.2009 95 306 668 
31.6.2009 73 267 1205 
1.7.2009 88 185 1425 
2.7.2009 22 355 1652 
3.7.2009 47 141 899 
4.7.2009 96 309 1635 
5.7.2009 19 416 1661 
6.7.2009 22 152 1319 
7.7.2009 8 356 924 
8.7.2009 41 262 1705 
9.7.2009 25 381 766 
10.7.2009 60 167 1353 
11.7.2009 73 318 1528 
12.7.2009 49 391 608 
13.7.2009 26 214 803 
14.7.2009 52 359 1372 
15.7.2009 99 388 1588 
16.7.2009 76 455 1573 
17.7.2009 20 131 1329 
18.7.2009 9 243 1156 
19.7.2009 51 379 1623 
20.7.2009 21 485 1462 
21.7.2009 6 423 1729 
22.7.2009 91 379 1315 
23.7.2009 53 391 1114 
24.7.2009 65 239 661 
25.7.2009 29 444 1730 
26.7.2009 65 107 810 
27.7.2009 63 317 739 
28.7.2009 18 157 1581 
29.7.2009 60 385 1303 
30.7.2009 38 463 1536 
31.7.2009 4 439 795 
1.8.2009 8 342 1753 
2.8.2009 43 458 757 
3.8.2009 41 193 1557 
4.8.2009 66 416 1186 
5.8.2009 35 350 983 
6.8.2009 45 437 791 
7.8.2009 89 494 1180 
8.8.2009 11 423 1051 
9.8.2009 83 138 1903 
10.8.2009 6 348 1882 
11.8.2009 12 200 968 
12.8.2009 99 301 1727 
13.8.2009 69 148 585 
14.8.2009 93 109 648 
15.8.2009 50 331 1761 
16.8.2009 79 200 1417 
17.8.2009 99 425 1081 
18.8.2009 98 389 1960 
19.8.2009 67 195 1051 
20.8.2009 15 211 1644 
21.8.2009 48 170 883 
22.8.2009 58 197 1155 
23.8.2009 51 211 1508 
24.8.2009 83 372 921 
25.8.2009 95 420 924 
26.8.2009 50 263 1530 
27.8.2009 19 383 522 
28.8.2009 80 233 1832 
29.8.2009 68 343 759 
30.8.2009 99 151 807 
31.8.2009 41 333 1740 
1.9.2009 62 232 1668 
2.9.2009 53 394 1109 
3.9.2009 87 251 1181 
4.9.2009 11 262 546 
5.9.2009 42 309 1027 
6.9.2009 3 366 1318 
7.9.2009 97 217 1018 
8.9.2009 73 176 1134 
9.9.2009 58 199 825 
10.9.2009 84 441 875 
11.9.2009 26 344 1156 
12.9.2009 24 178 1310 
13.9.2009 96 428 1786 
14.9.2009 38 154 1167 
15.9.2009 18 178 1744 
16.9.2009 55 136 1808 
17.9.2009 21 467 1043 
18.9.2009 59 128 1814 
19.9.2009 22 262 1080 
20.9.2009 84 207 1576 
21.9.2009 91 141 1450 
22.9.2009 21 154 1773 
23.9.2009 41 368 1120 
24.9.2009 9 356 1085 
25.9.2009 62 448 1097 
26.9.2009 56 152 673 
27.9.2009 49 337 1994 
28.9.2009 12 118 615 
29.9.2009 1 441 915 
30.9.2009 66 358 1194 
31.9.2009 81 238 1639 
1.10.2009 97 115 1375 
2.10.2009 88 297 1142 
3.10.2009 58 336 1294 
4.10.2009 56 161 919 
5.10.2009 36 349 1766 
6.10.2009 4 110 1457 
7.10.2009 9 306 864 
8.10.2009 26 124 1953 
9.10.2009 74 278 1812 
10.10.2009 16 428 855 
11.10.2009 56 443 1780 
12.10.2009 11 113 946 
13.10.2009 58 336 1487 
14.10.2009 7 329 1204 
15.10.2009 36 395 1958 
16.10.2009 68 105 1658 
17.10.2009 39 241 1511 
18.10.2009 39 188 736 
19.10.2009 38 171 1754 
20.10.2009 45 369 1054 
21.10.2009 100 112 1311 
22.10.2009 34 433 585 
23.10.2009 81 137 1159 
24.10.2009 91 258 1652 
25.10.2009 42 423 1236 
26.10.2009 75 185 530 
27.10.2009 21 367 777 
28.10.2009 76 133 1685 
29.10.2009 83 134 1262 
30.10.2009 90 303 799 
31.10.2009 22 336 1385 
1.11.2009 13 333 1662 
2.11.2009 85 380 1426 
3.11.2009 1 129 1193 
4.11.2009 73 147 682 
5.11.2009 14 304 1046 
6.11.2009 66 159 1468 
7.11.2009 53 270 514 
8.11.2009 61 494 1831 
9.11.2009 37 120 920 
10.11.2009 48 342 705 
11.11.2009 97 272 1695 
12.11.2009 4 274 1902 
13.11.2009 58 285 1339 
14.11.2009 77 164 1347 
15.11.2009 59 389 1764 
16.11.2009 44 358 1421 
17.11.2009 40 310 1511 
18.11.2009 93 281 1444 
19.11.2009 25 466 1951 
20.11.2009 92 105 1927 
21.11.2009 36 186 1096 
22.11.2009 89 131 1448 
23.11.2009 14 358 881 
24.11.2009 74 426 1163 
25.11.2009 54 489 1038 
26.11.2009 9 409 535 
27.11.2009 16 450 723 
28.11.2009 55 372 651 
29.11.2009 13 340 1146 
30.11.2009 68 145 732 
31.11.2009 72 394 1027 
1.12.2009 92 293 633 
2.12.2009 23 390 1318 
3.12.2009 65 491 1473 
4.12.2009 80 433 1831 
5.12.2009 46 380 1914 
6.12.2009 3 364 1708 
7.12.2009 4 325 956 
8.12.2009 4 428 1948 
9.12.2009 3 224 1740 
10.12.2009 69 452 1480 
11.12.2009 97 387 1270 
12.12.2009 99 427 911 
13.12.2009 68 325 1150 
14.12.2009 11 454 1975 
15.12.2009 65 394 1226 
16.12.2009 16 436 1327 
17.12.2009 98 109 1935 
18.12.2009 1 317 1116 
19.12.2009 89 341 692 
20.12.2009 93 361 947 
21.12.2009 92 449 1047 
22.12.2009 85 391 1283 
23.12.2009 27 361 1931 
24.12.2009 28 266 818 
25.12.2009 100 391 1988 
26.12.2009 72 230 1444 
27.12.2009 73 406 1670 
28.12.2009 99 195 1647 
29.12.2009 37 132 1849 
30.12.2009 54 365 1200 
31.12.2009 42 158 1160 
1.1.2010 5 192 1284 
2.1.2010 53 405 1673 
3.1.2010 60 216 900 
4.1.2010 17 346 1326 
5.1.2010 27 225 1001 
6.1.2010 90 117 857 
7.1.2010 98 393 1414 
8.1.2010 72 183 808 
9.1.2010 94 495 1858 
10.1.2010 81 355 1021 
11.1.2010 18 327 1636 
12.1.2010 88 133 1226 
13.1.2010 25 264 965 
14.1.2010 85 379 1975 
15.1.2010 66 272 1225 
16.1.2010 53 409 737 
17.1.2010 18 466 1822 
18.1.2010 78 288 1906 
19.1.2010 28 293 1246 
20.1.2010 57 471 1284 
21.1.2010 12 225 718 
22.1.2010 88 421 519 
23.1.2010 97 345 1103 
24.1.2010 6 161 789 
25.1.2010 64 433 969 
26.1.2010 79 279 1822 
27.1.2010 49 271 1546 
28.1.2010 97 361 1008 
29.1.2010 53 425 810 
30.1.2010 26 124 960 
31.1.2010 97 233 1898 
1.2.2010 12 147 1021 
2.2.2010 51 414 1063 
3.2.2010 100 184 1687 
4.2.2010 59 377 1892 
5.2.2010 81 500 1200 
6.2.2010 61 174 728 
7.2.2010 86 145 1059 
8.2.2010 9 261 1255 
9.2.2010 46 244 1556 
10.2.2010 92 175 745 
11.2.2010 71 143 733 
12.2.2010 49 155 1046 
13.2.2010 83 271 1743 
14.2.2010 88 400 815 
15.2.2010 66 348 1825 
16.2.2010 52 138 1222 
17.2.2010 98 192 889 
18.2.2010 41 308 625 
19.2.2010 49 225 1388 
20.2.2010 86 327 1315 
21.2.2010 63 280 1999 
22.2.2010 78 232 1177 
23.2.2010 8 162 1957 
24.2.2010 52 195 1472 
25.2.2010 74 491 699 
26.2.2010 87 438 823 
27.2.2010 47 319 1072 
28.2.2010 11 482 1789 
29.2.2010 13 218 1853 
30.2.2010 16 205 1767 
31.2.2010 6 327 1854 
1.3.2010 88 340 1879 
2.3.2010 64 465 1575 
3.3.2010 53 346 1235 
4.3.2010 62 129 557 
5.3.2010 80 265 1926 
6.3.2010 37 302 877 
7.3.2010 78 320 1106 
8.3.2010 55 419 1874 
9.3.2010 97 191 1966 
10.3.2010 84 238 1313 
11.3.2010 96 326 1856 
12.3.2010 79 168 1962 
13.3.2010 91 351 1481 
14.3.2010 55 347 1246 
15.3.2010 90 310 1730 
16.3.2010 49 119 861 
17.3.2010 33 119 1418 
18.3.2010 42 422 1246 
19.3.2010 69 290 1259 
20.3.2010 21 367 1023 
21.3.2010 57 264 1291 
22.3.2010 18 389 1066 
23.3.2010 38 293 1965 
24.3.2010 45 415 920 
25.3.2010 37 218 621 
26.3.2010 43 210 1579 
27.3.2010 24 138 1397 
28.3.2010 19 468 1778 
29.3.2010 63 303 1419 
30.3.2010 66 120 1493 
31.3.2010 76 484 1262 
1.4.2010 19 391 975 
2.4.2010 15 380 1037 
3.4.2010 36 193 1443 
4.4.2010 75 184 643 
5.4.2010 30 253 850 
6.4.2010 69 317 1223 
7.4.2010 49 311 852 
8.4.2010 18 143 1591 
9.4.2010 73 227 1777 
10.4.2010 37 218 1885 
11.4.2010 33 376 1425 
12.4.2010 33 423 1016 
13.4.2010 47 328 1536 
14.4.2010 65 232 892 
15.4.2010 47 287 1575 
16.4.2010 5 476 907 
17.4.2010 52 350 1100 
18.4.2010 92 137 722 
19.4.2010 53 261 867 
20.4.2010 20 431 1010 
21.4.2010 70 319 1197 
22.4.2010 34 187 1626 
23.4.2010 78 340 1523 
24.4.2010 2 304 973 
25.4.2010 4 391 664 
26.4.2010 55 383 1718 
27.4.2010 71 380 1948 
28.4.2010 13 390 1233 
29.4.2010 14 363 1551 
30.4.2010 22 243 1772 
31.4.2010 70 182 945 
1.5.2010 64 172 1946 
2.5.2010 15 231 1121 
3.5.2010 88 430 1380 
4.5.2010 39 448 1506 
5.5.2010 32 479 1464 
6.5.2010 1 425 524 
7.5.2010 44 315 1147 
8.5.2010 58 312 956 
9.5.2010 97 354 801 
10.5.2010 3 345 1571 
11.5.2010 39 184 673 
12.5.2010 45 202 692 
13.5.2010 20 122 1280 
14.5.2010 27 246 1150 
15.5.2010 96 176 1776 
16.5.2010 84 292 1596 
17.5.2010 45 453 525 
18.5.2010 95 487 1468 
19.5.2010 40 214 1157 
20.5.2010 23 164 811 
21.5.2010 55 111 1392 
22.5.2010 65 163 564 
23.5.2010 70 190 1000 
24.5.2010 2 129 1856 
25.5.2010 67 360 1201 
26.5.2010 44 414 662 
27.5.2010 78 164 617 
28.5.2010 69 234 786 
29.5.2010 45 139 1639 
30.5.2010 7 427 1050 
31.5.2010 35 420 1146 
1.6.2010 26 230 1803 
2.6.2010 3 222 550 
3.6.2010 58 100 1727 
4.6.2010 61 471 1357 
5.6.2010 11 467 1684 
6.6.2010 95 160 1628 
7.6.2010 55 419 1921 
8.6.2010 24 101 948 
9.6.2010 65 252 1174 
10.6.2010 84 155 1162 
11.6.2010 79 403 690 
12.6.2010 15 253 586 
13.6.2010 10 207 1765 
14.6.2010 65 429 846 
15.6.2010 1 344 1372 
16.6.2010 63 459 1779 
17.6.2010 20 247 1473 
18.6.2010 49 302 1500 
19.6.2010 41 300 1287 
20.6.2010 77 103 501 
21.6.2010 79 123 546 
22.6.2010 14 165 1507 
23.6.2010 69 172 1205 
24.6.2010 100 140 1658 
25.6.2010 26 232 1888 
26.6.2010 94 293 682 
27.6.2010 35 383 1942 
28.6.2010 2 345 1018 
29.6.2010 27 173 1714 
30.6.2010 48 496 1184 
31.6.2010 75 178 578 
1.7.2010 89 364 1232 
2.7.2010 90 481 1508 
3.7.2010 14 209 982 
4.7.2010 82 367 1183 
5.7.2010 88 228 1955 
6.7.2010 45 428 669 
7.7.2010 34 193 576 
8.7.2010 37 148 1526 
9.7.2010 71 137 1717 
10.7.2010 16 248 1841 
11.7.2010 8 443 1186 
12.7.2010 95 369 1557 
13.7.2010 76 361 1359 
14.7.2010 52 405 1900 
15.7.2010 84 362 1685 
16.7.2010 3 440 1980 
17.7.2010 74 382 1851 
18.7.2010 50 185 1109 
19.7.2010 98 336 1580 
20.7.2010 47 105 1976 
21.7.2010 88 170 771 
22.7.2010 49 113 1070 
23.7.2010 73 459 1026 
24.7.2010 11 205 1829 
25.7.2010 94 493 554 
26.7.2010 44 469 1190 
27.7.2010 20 310 1267 
28.7.2010 13 138 1331 
29.7.2010 14 239 1129 
30.7.2010 93 348 990 
31.7.2010 84 467 551 
1.8.2010 2 499 1280 
2.8.2010 52 320 1813 
3.8.2010 93 154 1596 
4.8.2010 32 316 1301 
5.8.2010 77 109 1542 
6.8.2010 34 441 717 
7.8.2010 49 320 1240 
8.8.2010 35 258 1401 
9.8.2010 64 431 1152 
10.8.2010 99 228 1026 
11.8.2010 81 278 1671 
12.8.2010 64 393 1627 
13.8.2010 18 385 1405 
14.8.2010 29 257 1303 
15.8.2010 49 443 1139 
16.8.2010 97 397 1686 
17.8.2010 64 195 669 
18.8.2010 64 114 1882 
19.8.2010 72 259 946 
20.8.2010 38 388 1238 
21.8.2010 13 173 1328 
22.8.2010 60 269 1681 
23.8.2010 88 265 835 
24.8.2010 1 284 599 
25.8.2010 86 116 1226 
26.8.2010 7 270 906 
27.8.2010 43 406 551 
28.8.2010 48 462 657 
29.8.2010 13 496 956 
30.8.2010 44 315 1076 
31.8.2010 74 290 1451 
1.9.2010 58 233 1933 
2.9.2010 53 165 573 
3.9.2010 96 474 1597 
4.9.2010 6 359 1169 
5.9.2010 100 223 1548 
6.9.2010 7 251 702 
7.9.2010 46 294 1467 
8.9.2010 13 419 901 
9.9.2010 9 277 699 
10.9.2010 30 227 702 
11.9.2010 98 491 1972 
12.9.2010 44 363 1979 
13.9.2010 88 399 1140 
14.9.2010 91 382 1786 
15.9.2010 52 209 1040 
16.9.2010 79 225 852 
17.9.2010 93 390 1667 
18.9.2010 35 120 902 
19.9.2010 24 243 1620 
20.9.2010 63 204 706 
21.9.2010 29 338 1867 
22.9.2010 63 350 1409 
23.9.2010 87 405 1624 
24.9.2010 76 435 1050 
25.9.2010 3 416 750 
26.9.2010 48 222 545 
27.9.2010 98 462 1139 
28.9.2010 71 255 1796 
29.9.2010 62 470 1447 
30.9.2010 8 171 1594 
31.9.2010 68 287 1111 
1.10.2010 5 496 953 
2.10.2010 73 425 1715 
3.10.2010 96 354 955 
4.10.2010 35 286 738 
5.10.2010 65 324 1710 
6.10.2010 64 382 1625 
7.10.2010 43 287 1765 
8.10.2010 93 269 728 
9.10.2010 42 274 1643 
10.10.2010 13 439 973 
11.10.2010 22 421 1187 
12.10.2010 57 500 1305 
13.10.2010 82 379 1967 
14.10.2010 22 201 505 
15.10.2010 81 210 1452 
16.10.2010 54 497 751 
17.10.2010 17 190 883 
18.10.2010 94 241 1461 
19.10.2010 92 287 1511 
20.10.2010 21 386 1718 
21.10.2010 48 246 1562 
22.10.2010 24 131 1493 
23.10.2010 6 420 1615 
24.10.2010 36 431 659 
25.10.2010 77 343 653 
26.10.2010 51 106 1276 
27.10.2010 54 260 1044 
28.10.2010 75 120 1172 
29.10.2010 60 313 1358 
30.10.2010 69 158 894 
31.10.2010 36 300 1063 
1.11.2010 63 415 1661 
2.11.2010 57 368 964 
3.11.2010 60 147 1276 
4.11.2010 5 149 1157 
5.11.2010 84 151 1377 
6.11.2010 92 309 1650 
7.11.2010 61 194 645 
8.11.2010 82 465 609 
9.11.2010 38 468 1390 
10.11.2010 63 252 1278 
11.11.2010 19 343 880 
12.11.2010 40 298 1435 
13.11.2010 14 423 502 
14.11.2010 12 228 682 
15.11.2010 31 232 1458 
16.11.2010 3 447 813 
17.11.2010 5 272 1834 
18.11.2010 78 491 1659 
19.11.2010 55 418 621 
20.11.2010 31 102 1862 
21.11.2010 39 445 1057 
22.11.2010 98 393 1607 
23.11.2010 12 156 954 
24.11.2010 60 454 1247 
25.11.2010 80 358 574 
26.11.2010 8 416 1240 
27.11.2010 40 351 1695 
28.11.2010 42 180 596 
29.11.2010 29 351 1522 
30.11.2010 70 327 1389 
31.11.2010 77 374 1742 
1.12.2010 32 117 625 
2.12.2010 64 257 691 
3.12.2010 58 206 584 
4.12.2010 57 417 1361 
5.12.2010 46 240 1044 
6.12.2010 44 177 1384 
7.12.2010 80 479 1603 
8.12.2010 76 175 1308 
9.12.2010 58 471 1232 
10.12.2010 46 298 1012 
11.12.2010 77 274 516 
12.12.2010 26 472 710 
13.12.2010 69 207 565 
14.12.2010 20 436 775 
15.12.2010 13 341 629 
16.12.2010 83 266 522 
17.12.2010 81 192 648 
18.12.2010 31 237 1394 
19.12.2010 15 112 807 
20.12.2010 69 314 1083 
21.12.2010 95 386 1117 
22.12.2010 96 247 1961 
23.12.2010 57 401 1296 
24.12.2010 44 114 1631 
25.12.2010 71 362 1913 
26.12.2010 12 210 1903 
27.12.2010 19 176 1057 
28.12.2010 34 469 1290 
29.12.2010 13 295 1560 
30.12.2010 70 149 824 
31.12.2010 81 474 1740 
1.1.2011 92 396 876 
2.1.2011 25 318 545 
3.1.2011 96 355 1688 
4.1.2011 99 457 800 
